51 7 103 7 123 7 
6 6 6 7 7 7 
7 90 7 115 7 35 
7 99 7 51 6 59 
6 6 6 7 7 7 
75 6 7 7 7 7 
70 7 102 47 6 62 
7 6 7 7 7 10 
66 7 143 7 7 7 
6 6 7 7 7 7 
7 167 222 7 307 7 
7 7 7 178 6 50 
7 7 255 7 338 7 
10 6 50 7 7 7 
7 167 11 147 187 7 
70 7 215 7 7 7 
7 6 7 7 7 7 
75 7 103 7 7 7 
7 151 7 138 6 43 
10 6 6 7 7 7 
23 6 227 7 238 11 
30 39 134 7 154 7 
51 7 143 15 7 46 
70 7 118 7 259 7 
67 7 7 7 11 35 
102 7 195 10 6 38 
7 66 7 94 23 39 
66 7 70 7 19 18 
18 47 210 7 302 7 
7 6 7 7 55 7 
7 111 7 139 10 34 
7 119 7 62 14 31 
7 6 7 7 7 7 
7 134 7 134 186 11 
58 7 7 163 6 159 
99 7 35 102 7 39 
7 6 6 7 7 7 
7 7 43 7 91 7 
7 70 7 75 94 18 
63 7 151 7 122 10 
10 7 247 7 14 58 
7 7 179 7 138 19 
6 6 6 7 7 7 
7 6 7 7 7 7 
7 107 7 138 103 22 
7 6 6 7 7 7 
7 6 7 198 7 38 
47 23 171 7 230 7 
10 6 6 7 7 7 
7 6 7 7 7 10 
7 7 7 7 42 10 
119 7 110 7 83 7 
107 6 7 7 6 7 
87 7 159 7 102 7 
7 7 79 7 243 7 
106 7 183 15 274 7 
66 7 14 7 70 42 
7 7 250 7 358 7 
7 7 219 7 14 7 
63 7 155 34 6 59 
7 139 35 42 199 7 
58 7 143 7 182 7 
7 135 147 26 115 7 
7 7 254 7 23 55 
26 7 127 7 114 7 
7 194 31 34 383 7 
6 6 7 7 7 7 
82 7 114 7 7 7 
7 186 7 19 6 7 
7 7 214 7 94 7 
6 6 6 7 7 7 
6 6 6 7 7 7 
11 90 115 7 91 7 
7 7 7 87 7 62 
7 170 7 119 6 34 
23 7 7 7 7 7 
98 7 39 7 7 7 
7 6 7 7 7 7 
58 10 7 7 7 7 
7 86 7 139 18 27 
6 6 6 7 7 7 
79 7 235 7 143 7 
7 103 7 107 6 38 
11 91 7 18 7 7 
7 6 7 7 7 7 
7 155 150 10 115 7 
7 7 7 7 7 7 
7 99 7 106 103 11 
7 7 6 7 7 7 
7 178 15 99 110 7 
31 7 191 7 139 10 
75 7 155 11 18 7 
7 7 103 7 47 7 
7 6 7 7 171 7 
7 6 7 7 7 7 
7 6 6 7 7 6 
7 7 7 7 7 7 
7 6 7 7 7 7 
10 111 7 139 6 58 
7 63 7 78 19 27 
7 6 7 7 7 35 
70 7 123 7 75 7 
7 62 7 138 7 31 
7 90 251 83 170 7 
7 7 110 7 271 7 
18 70 7 119 6 51 
7 7 7 7 7 7 
7 7 7 62 7 62 
7 254 7 86 6 30 
34 6 23 7 6 7 
7 99 7 43 7 38 
43 7 450 7 58 26 
23 118 166 7 183 7 
7 7 7 7 6 27 
7 103 90 27 179 7 
39 6 178 7 154 7 
90 7 203 7 190 7 
7 47 7 106 42 27 
7 6 7 7 7 7 
6 6 7 7 6 7 
7 7 7 7 222 7 
7 7 87 7 102 7 
6 6 6 7 7 7 
7 7 7 7 6 7 
6 6 7 7 6 7 
7 7 7 7 7 15 
7 6 11 7 7 7 
7 111 7 43 7 18 
6 6 6 7 7 7 
7 7 7 7 5 7 
7 4 5 5 5 7 
68 5 211 5 61 7 
7 5 36 5 140 7 
65 5 72 5 177 7 
7 4 5 98 6 25 
25 5 105 5 177 7 
36 5 202 5 20 7 
6 4 4 5 5 7 
76 75 187 13 180 7 
7 124 5 95 43 28 
95 5 644 10 300 7 
61 4 59 47 6 41 
7 4 5 5 5 10 
53 5 12 62 5 53 
7 202 131 31 171 7 
50 5 116 5 156 7 
6 4 4 5 5 7 
6 38 5 4 6 16 
57 5 166 5 57 7 
7 169 5 127 111 11 
21 4 4 5 5 7 
7 4 4 5 5 7 
7 162 5 65 129 14 
13 36 5 5 5 7 
89 5 54 103 6 33 
7 5 39 6 272 7 
100 5 260 5 104 10 
7 143 5 112 6 35 
7 4 4 5 5 7 
37 5 74 5 130 7 
12 37 5 70 5 22 
6 4 132 5 214 7 
6 4 4 5 5 7 
7 160 146 5 184 7 
7 216 6 183 143 7 
6 4 4 5 5 7 
57 5 170 5 174 7 
7 4 4 5 5 7 
35 5 178 5 236 7 
82 5 144 25 6 64 
7 145 5 122 5 7 
36 5 185 5 77 8 
7 363 209 15 220 7 
6 4 4 5 5 7 
7 4 106 5 5 7 
7 4 4 5 6 7 
7 4 4 5 5 7 
7 4 4 5 5 7 
6 102 4 11 5 7 
61 4 176 5 5 9 
10 5 5 5 5 7 
7 158 5 116 6 30 
6 4 4 5 5 8 
6 4 4 5 5 7 
7 5 5 5 19 7 
86 5 295 5 140 7 
39 37 220 5 250 7 
7 4 4 5 5 7 
68 5 223 5 20 7 
6 4 4 5 5 6 
14 5 170 5 128 8 
76 5 451 5 150 7 
34 4 11 5 5 7 
16 96 129 5 58 7 
6 4 5 5 5 25 
6 5 4 5 5 7 
83 56 189 5 6 7 
20 62 282 5 35 7 
7 4 5 6 5 7 
6 4 6 5 5 7 
7 5 5 5 121 7 
7 190 8 178 6 21 
7 5 5 92 5 35 
7 160 5 89 6 19 
7 136 5 74 5 9 
7 104 5 135 6 34 
43 5 27 42 5 35 
104 5 23 104 5 47 
79 5 192 5 26 35 
118 4 155 5 6 7 
6 4 4 5 5 7 
38 5 275 5 24 65 
7 56 5 146 5 51 
101 4 5 5 5 7 
7 4 4 5 5 7 
7 5 4 5 5 7 
7 5 5 5 5 7 
6 4 4 6 5 10 
78 5 25 87 6 33 
58 5 127 5 228 7 
58 91 42 39 146 7 
34 5 185 5 223 7 
120 5 5 101 5 110 
7 32 5 135 6 42 
7 106 48 402 138 7 
61 5 131 5 110 7 
48 4 85 5 6 7 
7 121 5 152 6 43 
7 35 5 58 5 36 
7 152 5 129 5 55 
55 5 103 5 5 51 
7 4 4 5 5 12 
7 5 5 5 5 7 
7 226 5 136 6 74 
45 5 113 5 43 16 
26 5 190 5 176 7 
41 55 134 5 14 7 
7 4 5 5 5 7 
7 5 228 5 154 7 
285 5 1122 5 311 9 
45 5 129 5 158 7 
7 5 242 5 147 10 
69 4 174 5 39 26 
7 156 165 11 199 7 
115 5 109 5 7 7 
7 194 5 92 13 32 
109 5 173 5 68 42 
12 4 8 5 5 7 
52 5 157 5 145 24 
52 4 121 5 5 7 
10 5 287 5 199 7 
66 5 224 5 29 37 
7 85 5 5 5 7 
7 185 148 12 89 7 
7 137 5 98 9 12 
72 5 5 5 5 7 
7 90 30 98 190 7 
7 96 5 131 6 42 
76 5 77 5 85 7 
6 4 4 5 9 7 
7 4 5 5 6 7 
7 121 5 160 6 47 
6 4 5 5 5 7 
66 32 247 5 111 7 
71 5 174 5 97 16 
6 14 4 5 5 7 
7 5 5 72 5 46 
7 79 5 162 6 36 
7 172 5 55 6 34 
7 4 4 5 5 7 
7 119 5 66 5 20 
6 5 7 5 21 7 
7 4 4 5 5 7 
7 88 1122 186 1122 17 
7 157 16 162 6 69 
7 5 142 5 174 7 
6 5 5 16 5 7 
7 624 5 24 6 7 
6 4 4 5 5 7 
73 5 201 5 145 7 
7 5 5 5 5 7 
7 4 4 5 5 7 
7 29 5 119 5 38 
99 5 181 5 152 7 
71 5 184 5 70 7 
6 4 4 5 5 7 
6 4 4 5 5 7 
7 180 5 196 6 36 
88 5 236 5 123 7 
48 5 161 5 187 7 
69 5 105 36 5 44 
141 5 210 5 41 7 
7 44 5 75 5 13 
38 5 236 5 127 7 
80 5 185 5 20 25 
7 84 132 5 113 7 
19 18 8 77 5 26 
22 131 52 89 6 65 
55 5 176 5 40 7 
7 168 5 113 6 14 
10 108 5 89 6 44 
6 4 4 5 5 7 
78 5 269 5 162 7 
56 5 5 116 5 58 
7 99 5 139 6 45 
98 5 175 19 6 67 
7 147 5 16 5 7 
22 114 5 197 6 19 
7 4 4 5 5 7 
7 90 5 5 9 7 
6 4 4 5 5 7 
7 140 5 73 145 7 
7 4 5 5 5 7 
7 15 5 148 6 51 
7 4 4 5 5 7 
7 5 5 49 5 56 
7 4 5 5 6 7 
7 4 5 7 5 36 
7 4 4 5 6 7 
6 4 4 5 5 7 
83 5 266 5 5 7 
7 76 5 84 60 30 
6 4 5 5 77 7 
56 5 12 70 5 71 
6 4 23 5 20 7 
7 4 4 5 5 7 
7 151 5 83 5 9 
7 211 149 5 150 7 
6 4 4 13 5 35 
7 136 5 72 6 7 
7 151 5 125 6 39 
6 4 5 5 5 7 
6 4 4 5 5 7 
85 5 150 5 270 7 
6 4 4 5 5 7 
7 5 5 5 5 7 
60 64 268 5 80 7 
84 5 164 5 96 7 
7 286 5 72 5 7 
7 4 5 5 5 7 
7 5 5 107 5 24 
7 161 5 115 6 55 
78 5 184 5 81 7 
6 4 5 5 5 7 
72 5 5 64 6 54 
7 111 5 127 6 40 
7 161 5 116 6 10 
50 5 164 5 49 20 
7 4 5 5 209 7 
157 5 412 5 330 6 
7 5 164 5 76 50 
7 4 5 5 5 9 
94 5 126 5 135 20 
19 26 5 148 5 44 
57 5 144 5 77 7 
7 4 5 5 44 7 
7 120 5 43 202 7 
6 4 4 5 5 7 
6 4 4 5 5 6 
81 9 5 165 5 32 
7 4 4 5 5 7 
7 4 20 5 258 7 
7 100 5 91 33 27 
38 5 206 18 6 90 
7 5 85 5 180 7 
78 5 179 5 135 7 
6 5 5 7 15 7 
55 5 133 5 183 7 
7 8 5 114 12 72 
40 4 5 5 6 8 
7 4 5 5 5 7 
66 5 5 80 5 21 
6 4 5 5 5 7 
7 5 31 5 211 7 
50 34 207 5 6 7 
7 5 7 5 417 7 
35 120 231 5 194 7 
7 104 5 77 5 11 
7 70 78 5 144 7 
7 5 5 75 5 40 
7 5 5 5 5 7 
7 119 5 79 5 7 
6 4 4 5 5 7 
109 5 59 16 7 7 
7 4 5 5 11 7 
6 4 5 5 5 6 
7 75 5 105 6 35 
6 4 4 5 5 7 
7 178 5 111 6 44 
8 109 5 107 6 36 
10 125 169 13 171 7 
7 101 5 75 5 35 
7 5 99 7 153 7 
35 4 5 5 5 7 
71 5 241 5 47 7 
6 4 5 5 31 7 
7 5 5 5 63 7 
49 5 5 79 6 41 
7 123 223 5 135 7 
7 4 4 5 5 7 
41 4 29 5 5 7 
7 7 5 581 17 121 
72 5 185 5 12 34 
1122 1104 117 101 48 29 
57 5 67 40 5 41 
8 114 5 64 6 47 
163 5 5 5 6 7 
8 5 5 40 6 7 
6 121 5 87 185 7 
6 4 5 5 5 10 
7 4 4 5 5 7 
52 5 94 5 160 7 
54 5 88 5 157 7 
59 5 359 5 268 7 
7 80 5 90 6 7 
7 5 182 5 136 17 
7 158 5 5 5 6 
7 11 5 5 5 8 
7 5 5 93 6 40 
7 198 5 161 6 49 
7 4 30 5 166 7 
6 4 5 5 5 7 
49 5 106 24 6 40 
7 142 5 234 6 89 
6 4 5 5 5 7 
6 26 6 62 5 36 
6 5 5 106 6 40 
7 207 5 150 6 46 
65 5 150 5 189 7 
7 5 43 5 136 7 
7 143 5 200 6 37 
7 92 14 168 6 160 
7 5 5 84 5 45 
94 5 202 5 242 7 
7 116 5 58 5 7 
7 117 7 71 6 43 
46 4 116 5 7 29 
7 5 5 133 256 7 
7 230 5 52 6 12 
7 98 5 110 6 41 
17 5 78 5 150 7 
41 5 177 5 144 8 
7 166 12 69 179 7 
52 5 39 5 5 7 
6 4 4 5 5 7 
256 5 598 5 6 7 
7 160 5 127 6 58 
51 5 98 5 90 9 
104 5 159 5 56 7 
68 5 5 5 5 7 
55 5 189 7 6 54 
7 4 4 5 5 7 
8 4 5 5 5 7 
38 90 5 122 5 14 
7 133 5 105 6 48 
59 5 87 5 6 7 
84 5 171 5 267 7 
7 248 55 52 211 7 
7 18 5 107 5 41 
7 179 11 80 6 38 
64 5 183 5 255 7 
7 5 5 5 84 7 
6 15 5 135 5 62 
7 4 5 8 5 7 
64 5 262 6 216 7 
7 5 5 26 187 8 
7 178 180 33 140 7 
6 4 4 5 5 7 
7 163 5 103 75 15 
6 5 21 5 172 6 
31 5 313 5 23 7 
7 6 173 5 49 16 
7 5 45 5 195 7 
7 99 5 113 5 35 
8 118 292 5 295 7 
93 6 13 85 5 22 
28 5 63 105 5 41 
35 5 360 5 173 7 
6 4 4 5 5 7 
7 49 5 130 5 72 
6 4 4 5 5 7 
7 4 5 5 5 7 
54 5 161 5 238 7 
75 5 208 5 184 7 
6 4 4 5 5 6 
67 5 184 6 163 7 
6 5 4 5 5 7 
67 5 253 5 305 7 
7 32 5 128 155 17 
6 4 5 5 5 7 
6 4 4 5 5 7 
7 179 5 84 137 7 
6 5 5 5 5 7 
7 119 7 55 6 26 
7 239 5 161 6 82 
7 124 199 16 179 7 
36 4 4 5 5 7 
7 5 151 5 250 7 
62 4 157 5 93 7 
7 87 5 53 5 7 
7 32 5 119 6 29 
14 5 176 5 127 7 
6 4 4 5 5 7 
51 5 201 5 169 7 
19 5 204 5 142 7 
50 5 5 5 5 7 
107 4 9 5 5 7 
7 5 158 5 216 7 
7 113 5 120 6 49 
7 4 5 5 5 8 
7 102 5 60 98 14 
6 4 4 5 5 6 
7 4 5 5 5 7 
6 4 5 5 5 7 
19 4 82 5 169 7 
7 134 5 195 52 24 
6 4 5 5 5 7 
7 4 5 5 5 7 
7 97 5 54 6 7 
110 5 38 5 5 7 
7 213 5 83 6 38 
7 5 5 5 5 7 
81 5 188 5 183 7 
7 4 5 5 5 7 
85 5 186 16 45 7 
92 5 140 5 35 28 
7 4 5 5 5 7 
7 5 5 5 140 7 
6 4 4 5 9 8 
6 4 5 5 6 50 
8 376 8 135 264 10 
62 35 199 5 5 6 
7 106 109 5 189 7 
7 141 84 22 152 7 
6 4 4 5 5 7 
6 4 4 5 5 7 
7 5 45 14 190 7 
74 5 129 5 112 11 
7 171 5 82 5 24 
7 253 5 127 367 8 
7 55 5 74 5 25 
6 4 4 4 5 7 
7 192 5 83 149 8 
7 216 5 134 6 38 
7 5 5 5 82 7 
17 17 4 5 5 7 
7 4 5 5 5 7 
6 4 4 5 5 7 
81 5 188 5 82 20 
7 87 5 230 6 36 
7 28 5 179 188 7 
57 4 41 5 5 7 
7 145 5 29 5 9 
53 5 71 5 5 7 
36 5 151 5 160 7 
7 5 46 5 126 20 
37 5 171 5 218 7 
47 5 166 5 134 7 
49 5 110 5 262 13 
49 5 218 5 168 7 
7 5 5 5 5 7 
7 80 5 121 5 42 
6 4 5 5 5 7 
7 105 5 95 6 46 
10 379 149 212 216 14 
6 4 5 5 5 7 
7 31 5 74 5 52 
74 5 67 5 5 7 
51 11 16 67 6 40 
73 5 237 5 230 7 
6 79 5 87 18 24 
6 4 5 5 6 7 
83 5 209 5 175 7 
7 5 170 5 82 14 
6 5 5 5 5 7 
7 4 5 5 5 8 
44 5 166 5 96 7 
56 5 190 5 183 8 
6 4 5 9 5 34 
6 4 4 5 5 7 
6 4 5 5 5 7 
7 116 41 131 182 7 
6 4 5 5 5 7 
7 70 5 199 6 81 
7 5 4 5 5 7 
6 65 5 15 6 7 
7 113 242 5 146 7 
55 4 5 5 5 7 
7 34 5 88 5 47 
40 5 133 5 94 7 
7 10 5 151 5 49 
23 5 230 5 351 8 
7 99 5 69 7 31 
6 4 4 5 5 7 
7 159 150 11 25 7 
6 4 5 5 5 6 
6 4 5 5 5 7 
12 9 4 5 5 7 
7 5 5 5 5 7 
7 4 6 5 5 7 
7 86 5 113 5 9 
7 70 5 37 88 7 
7 74 196 5 72 7 
60 5 173 5 172 7 
7 210 79 66 160 7 
6 4 4 5 5 7 
7 46 29 80 199 8 
7 124 5 133 6 38 
6 4 5 5 5 7 
31 4 7 8 5 7 
61 5 67 5 5 7 
9 169 5 164 52 19 
6 9 5 5 5 8 
6 4 5 5 6 7 
62 5 123 5 171 7 
6 4 5 5 5 7 
6 4 4 5 5 7 
79 5 81 19 6 34 
56 39 122 5 124 7 
6 4 5 5 5 7 
7 97 74 85 145 7 
6 5 5 5 6 7 
7 92 5 108 35 33 
64 5 5 5 5 7 
51 62 5 132 5 34 
7 4 5 5 6 7 
7 156 5 81 5 51 
35 5 227 5 190 7 
17 106 218 5 165 7 
21 4 5 5 5 7 
6 4 5 5 5 7 
45 4 5 5 5 7 
60 5 192 9 6 38 
7 153 5 9 5 7 
8 129 5 120 5 20 
7 4 4 5 5 7 
7 20 7 94 175 7 
7 96 5 121 5 40 
51 42 172 5 146 7 
7 5 5 5 6 7 
6 4 4 5 5 7 
8 4 14 5 5 7 
6 4 5 5 5 7 
47 13 76 68 6 36 
88 5 281 5 168 7 
6 4 5 5 5 7 
6 4 5 5 5 7 
6 4 4 5 5 7 
6 4 5 5 5 7 
7 4 5 5 5 7 
7 4 4 6 5 7 
7 113 5 12 238 7 
7 5 9 5 330 7 
6 5 5 5 5 7 
95 5 192 5 250 8 
7 145 5 214 6 38 
77 5 182 5 248 7 
7 113 5 96 6 46 
82 5 141 5 228 7 
7 5 5 5 5 7 
7 5 5 5 5 7 
7 4 4 5 6 7 
73 5 166 5 73 13 
6 4 5 5 10 7 
6 5 5 5 5 7 
6 4 4 5 8 7 
64 5 174 5 71 8 
11 23 5 222 5 9 
6 120 5 145 5 55 
9 228 15 120 6 34 
6 4 4 5 5 7 
7 5 5 5 66 7 
55 5 237 5 77 25 
7 44 5 5 5 7 
96 5 231 5 204 7 
7 88 5 168 228 15 
7 5 5 5 8 7 
7 240 5 124 6 27 
66 5 136 5 12 7 
7 4 5 5 6 7 
6 4 4 5 5 7 
7 5 6 17 5 44 
8 12 5 5 5 7 
17 4 245 5 6 59 
7 5 5 5 5 7 
9 5 197 5 175 7 
12 81 158 5 141 7 
33 5 236 5 131 7 
7 116 5 228 6 43 
6 4 5 5 5 18 
6 4 4 7 5 38 
52 18 5 148 6 36 
7 114 5 5 5 7 
6 195 5 157 6 7 
6 4 5 5 5 7 
6 4 4 5 5 7 
6 4 5 5 5 7 
54 5 174 5 43 7 
54 5 5 112 52 81 
66 5 5 68 5 49 
7 4 4 5 5 7 
7 5 5 46 6 52 
7 72 46 26 171 11 
11 80 257 5 93 7 
6 4 5 5 5 7 
59 5 134 5 34 23 
7 26 5 115 5 44 
68 5 189 5 5 7 
7 192 5 114 6 27 
64 5 18 43 5 40 
7 5 5 5 120 7 
7 117 5 60 5 43 
7 5 5 138 6 42 
6 4 4 5 5 7 
112 5 257 5 6 7 
7 157 5 118 6 34 
6 7 62 5 5 7 
7 202 75 11 250 7 
7 17 5 173 5 51 
7 5 5 180 5 47 
7 5 4 5 6 7 
82 5 175 5 9 7 
12 5 173 5 85 26 
6 4 5 5 5 7 
7 4 5 5 136 7 
7 67 5 86 5 44 
6 39 4 5 5 7 
61 5 65 47 5 7 
7 4 5 5 5 7 
7 146 5 132 6 7 
6 4 5 5 5 7 
7 5 131 5 77 19 
70 5 305 5 257 7 
7 5 5 12 18 7 
16 5 243 5 428 7 
7 7 5 5 5 7 
8 189 153 152 149 7 
44 5 128 5 189 7 
7 4 5 5 5 7 
7 5 5 5 5 49 
57 37 204 5 94 7 
7 49 5 182 6 41 
6 4 5 11 5 43 
7 30 5 155 6 33 
6 4 5 5 5 7 
7 172 211 5 182 7 
6 5 63 5 208 7 
29 76 278 5 166 7 
58 25 5 109 6 43 
7 5 17 5 187 7 
6 4 4 5 5 19 
63 5 147 5 23 45 
7 392 45 202 74 13 
45 5 186 5 50 17 
7 5 21 5 229 7 
6 5 5 81 5 48 
18 35 5 218 6 24 
7 4 5 5 5 7 
7 146 5 72 6 59 
6 4 5 5 5 7 
13 39 5 97 6 54 
29 4 5 5 5 7 
6 4 4 5 5 6 
7 150 5 80 6 38 
7 133 50 60 119 7 
10 5 137 5 74 7 
74 5 183 19 6 66 
32 4 163 7 34 41 
6 4 5 5 6 7 
7 96 5 84 5 7 
7 136 5 102 5 22 
37 5 78 5 5 7 
11 36 241 7 54 7 
66 5 183 5 5 7 
28 5 87 5 100 12 
7 92 5 127 6 48 
46 5 156 30 6 53 
7 4 5 5 13 34 
7 199 5 126 6 62 
7 185 5 113 6 46 
6 4 5 5 5 7 
90 4 5 5 5 7 
78 5 211 5 182 7 
7 4 5 5 5 7 
7 92 127 31 217 7 
7 113 5 185 6 67 
54 5 344 5 195 5 
7 96 74 103 255 7 
7 139 178 5 172 7 
20 8 5 71 6 43 
65 5 195 5 71 6 
71 5 5 5 5 7 
7 189 5 130 10 99 
7 4 5 5 5 7 
534 80 381 34 19 7 
7 5 5 5 6 7 
7 4 4 5 5 7 
47 5 163 5 6 7 
56 5 248 5 5 7 
7 160 6 145 6 36 
7 132 5 127 6 47 
7 161 5 146 6 7 
45 5 5 72 6 40 
6 4 5 5 5 7 
7 75 5 139 6 35 
7 4 4 5 5 7 
6 4 4 5 5 7 
6 107 5 19 5 7 
34 5 71 5 120 7 
7 4 5 5 5 6 
60 5 318 5 104 7 
63 5 152 5 194 7 
6 4 5 5 5 7 
6 5 4 5 7 7 
9 4 5 5 5 7 
32 4 5 5 5 6 
7 4 56 5 64 7 
72 17 5 5 5 7 
6 4 5 5 10 7 
6 70 5 83 5 10 
7 5 5 88 55 35 
7 4 4 5 5 7 
7 167 5 141 6 52 
7 112 5 79 6 37 
6 4 5 5 5 7 
7 59 5 111 142 20 
7 150 5 131 5 18 
7 266 5 99 6 40 
23 4 167 5 165 7 
118 666 11 87 6 14 
6 4 6 5 5 7 
6 4 5 5 5 7 
7 5 5 74 5 27 
6 4 4 5 5 7 
67 4 144 5 5 7 
7 5 155 5 5 7 
57 4 5 5 5 7 
7 4 5 5 5 7 
7 4 5 5 45 7 
6 4 4 5 5 7 
7 116 5 121 5 7 
45 5 5 5 5 7 
82 5 151 5 135 7 
79 5 118 5 370 7 
11 4 20 7 6 7 
7 125 5 82 118 43 
69 4 104 5 5 7 
7 229 58 8 168 9 
7 198 6 89 6 64 
84 5 215 5 52 7 
70 48 200 5 97 7 
7 220 184 6 129 7 
7 115 5 66 5 33 
7 93 5 59 5 35 
6 135 5 54 5 7 
7 148 5 219 6 50 
122 4 163 5 5 7 
100 5 197 5 293 7 
67 5 207 5 65 14 
34 85 5 99 5 53 
6 4 5 5 5 7 
41 5 156 5 9 7 
6 4 5 5 6 7 
7 132 5 107 6 55 
7 5 4 5 5 7 
7 137 5 125 5 25 
7 135 5 100 6 40 
6 4 4 7 5 7 
68 5 168 5 125 7 
34 5 126 5 51 7 
65 5 152 5 183 7 
6 4 4 5 5 7 
7 188 5 119 6 33 
7 5 111 5 203 7 
35 41 270 5 185 7 
47 5 5 5 5 7 
69 5 229 5 48 7 
28 4 4 4 5 7 
7 146 34 39 265 7 
129 5 448 22 235 11 
10 161 5 126 6 41 
48 5 228 5 132 7 
7 142 5 128 5 43 
47 39 165 5 29 7 
7 4 5 35 15 7 
69 5 169 5 138 7 
7 5 79 5 154 7 
7 5 5 59 12 55 
6 4 4 5 5 7 
7 48 262 5 249 7 
7 158 5 200 6 44 
7 122 5 143 5 39 
19 4 120 5 49 36 
7 4 5 5 5 7 
7 189 5 163 5 7 
7 89 5 130 6 29 
7 90 130 99 183 7 
177 42 38 28 6 7 
7 91 5 89 5 43 
53 5 269 5 174 7 
7 5 5 5 5 28 
6 41 5 133 7 101 
7 43 5 63 5 28 
7 145 5 102 282 7 
7 4 5 6 5 7 
73 5 133 5 6 7 
7 5 5 5 128 7 
6 4 4 5 5 7 
6 4 5 5 5 7 
7 4 5 5 5 8 
7 222 5 150 6 13 
6 4 5 28 7 37 
7 5 5 5 5 7 
6 4 5 106 5 34 
6 4 5 5 5 8 
6 4 4 5 5 6 
64 5 193 7 255 8 
6 4 4 5 5 7 
70 5 100 36 6 51 
6 4 4 5 5 7 
7 4 4 5 5 7 
7 130 5 114 5 48 
6 5 5 28 5 46 
6 4 4 5 5 7 
12 5 219 5 51 30 
7 5 5 64 5 40 
7 5 57 5 178 7 
7 4 5 5 5 7 
6 5 5 70 5 43 
6 4 4 5 5 7 
6 4 5 5 6 7 
91 5 113 5 103 11 
6 4 5 5 5 7 
54 5 169 5 75 7 
100 4 5 146 25 48 
7 111 14 50 252 8 
7 4 5 41 5 45 
6 4 5 5 5 7 
6 4 5 5 8 7 
6 4 5 5 5 7 
7 174 13 143 6 56 
7 135 5 121 6 59 
80 6 5 168 6 81 
6 4 5 5 5 7 
10 5 97 5 79 7 
7 5 5 79 212 7 
6 5 7 5 5 7 
6 4 5 5 5 7 
7 122 5 136 6 35 
8 4 6 22 5 7 
6 5 4 5 5 7 
7 5 5 164 5 9 
7 5 5 5 5 7 
9 4 168 5 116 7 
7 4 5 5 6 28 
29 5 118 5 63 7 
68 5 11 222 29 39 
7 115 5 131 6 36 
6 4 4 5 5 7 
6 26 4 5 5 7 
6 4 4 5 6 7 
20 60 4 8 5 7 
125 5 257 22 157 7 
7 4 4 5 6 7 
6 4 4 5 5 7 
25 5 221 5 164 7 
7 9 5 5 5 7 
7 4 5 5 5 7 
7 4 5 5 5 7 
7 131 5 146 5 33 
7 102 5 102 5 33 
36 5 132 5 90 19 
86 5 62 66 6 56 
7 166 5 94 136 7 
7 4 5 5 6 7 
16 4 4 5 5 7 
50 5 191 5 65 7 
7 5 5 110 6 54 
7 189 5 167 6 44 
6 65 5 5 5 7 
9 5 249 5 294 7 
21 5 207 5 212 7 
7 5 5 5 415 7 
7 4 4 5 5 7 
7 169 5 117 6 27 
7 5 121 5 175 7 
6 4 4 5 5 7 
6 5 4 5 5 7 
7 120 5 136 5 25 
61 4 195 5 5 7 
6 5 5 22 6 55 
23 5 224 5 141 7 
7 311 5 121 6 58 
7 4 5 5 5 7 
7 123 5 25 5 7 
6 4 5 5 5 7 
6 4 5 5 5 7 
6 5 151 5 170 7 
7 5 5 104 5 48 
7 4 5 5 5 7 
141 5 255 5 133 7 
6 4 5 5 5 7 
47 5 146 5 99 7 
7 5 5 25 5 30 
68 5 190 5 126 7 
7 4 5 52 5 39 
7 4 5 5 5 7 
7 179 5 156 6 40 
7 72 5 132 6 39 
6 4 5 5 5 7 
7 5 5 292 5 7 
7 122 5 58 127 7 
6 10 5 5 5 7 
7 122 5 47 5 7 
96 13 68 17 5 12 
6 4 5 5 5 7 
7 103 217 5 195 7 
60 5 46 77 5 39 
7 4 5 5 5 7 
6 4 4 5 5 7 
7 36 5 116 127 36 
63 5 112 5 115 7 
7 80 5 65 80 16 
99 51 28 5 276 7 
6 4 5 5 5 7 
96 5 165 5 144 7 
7 80 5 132 6 29 
7 115 5 342 6 37 
128 5 87 5 5 7 
25 4 5 5 5 7 
6 4 5 5 6 7 
6 4 4 5 5 7 
88 4 149 5 5 7 
6 4 4 5 6 7 
56 5 186 5 5 7 
6 37 146 5 275 7 
71 4 5 5 5 7 
7 104 5 82 5 7 
108 11 164 5 150 7 
6 94 30 5 5 50 
7 4 5 5 5 7 
9 164 5 124 5 38 
7 89 5 147 5 54 
6 4 5 5 5 7 
7 5 108 5 119 7 
7 242 5 134 6 14 
11 4 5 5 5 7 
7 4 5 5 5 7 
11 140 161 5 133 7 
49 5 108 5 182 7 
7 4 5 51 5 26 
7 164 5 141 5 28 
7 179 5 126 5 57 
74 4 161 22 5 31 
6 110 5 5 5 7 
11 5 181 5 147 7 
7 128 5 5 5 7 
7 5 16 5 119 6 
7 4 5 5 5 7 
7 33 5 125 264 9 
7 5 4 5 5 7 
7 4 5 5 17 7 
9 4 4 5 11 7 
9 4 12 5 5 7 
7 219 5 115 5 35 
16 30 5 161 5 24 
80 5 112 5 24 7 
43 5 71 5 5 7 
7 206 5 105 6 44 
7 4 15 5 5 7 
80 5 195 5 195 7 
