      56
       5
     125
       5
     179
       7
       6
       4
       5
       6
       5
       7
       7
       4
       5
       5
       5
       7
       7
       4
       5
       5
       5
       7
      56
       5
     135
       5
     149
       7
       7
     252
       5
     145
      95
       7
      14
       4
       9
       5
       5
       7
      27
      23
       4
       4
       5
       7
       7
       4
       5
       5
       5
       7
       7
       4
       5
       5
       5
       7
      63
       5
       5
     152
       6
      39
      83
      74
      25
      14
     239
       7
       6
       4
       4
       5
       5
       7
       7
       5
       5
       5
       6
       7
      61
       5
     174
       5
     168
       9
      59
       5
     283
      13
       6
      52
       9
       4
       5
       5
       5
       7
       8
      52
       5
      36
       9
      30
      84
       5
     247
       5
     167
       7
      70
       5
     120
       5
      79
       7
      66
       5
     292
       5
       6
      37
      82
       5
     174
       5
      69
       7
      65
       5
     244
       5
     220
       7
       7
      73
      66
     199
     160
       8
       7
     215
       7
      85
       6
      34
       7
     162
      19
      93
     199
       7
       7
     113
       5
     135
     238
      11
      34
       5
     113
       5
     189
       8
       7
       4
       5
       5
       5
       7
       7
       4
       5
       5
       5
       7
       6
       4
       4
       5
       5
       7
       7
      97
       5
     145
       5
      41
      48
       5
     159
       5
     150
       7
       6
       4
       6
       5
       5
       7
       7
     106
     126
      28
     251
       7
       6
       9
       5
       5
       5
       7
      88
       5
     107
       5
      25
      20
       6
       4
       5
       5
       5
       7
       7
       4
       5
       5
       5
       7
      13
      10
     194
       5
      78
      23
       6
       5
       5
      72
       5
      48
       7
     165
     235
      53
     171
       8
       7
       4
       5
       5
       5
       7
      73
       5
     251
       5
     174
       7
      94
       5
     223
       5
     255
       7
       7
       4
       4
       5
       5
       7
       7
      76
       5
      65
       6
      36
       6
       4
      12
       5
      83
       7
       7
      69
       5
     133
       6
      45
      68
       5
       5
      67
       5
      44
       7
       4
      57
       7
     174
       7
      92
       5
     271
       5
     224
       7
       7
     178
     107
      64
     391
       7
       6
       4
       5
       5
       5
       7
      43
       4
       5
       5
       5
       7
      37
      17
       5
      82
       5
      44
       7
       4
       5
       5
       5
       7
      45
       5
     110
       5
       5
       7
      78
       5
     123
      35
       6
      48
       6
       4
       5
       5
       5
       7
       6
       4
       4
       5
       5
       8
       7
       5
     127
       5
     203
       7
      58
       5
       5
      81
       5
      30
      12
     146
       5
       5
       6
       7
       7
     169
       5
     185
       8
      91
       6
       4
       5
       5
       5
      30
       7
       5
       5
       5
       5
       7
       7
       4
       5
      78
       5
      59
      67
       5
     709
      40
       9
       7
      56
       5
     123
       5
      72
       7
      30
       4
     213
       5
     144
      24
       6
       4
       5
       5
       5
       7
      45
       5
     173
       5
       6
       7
       6
       4
       4
       5
       5
       8
      35
     225
     181
      27
      78
       7
      31
       5
     132
       5
     212
       7
       6
       4
       4
      18
      24
       7
       7
       4
       5
       5
       6
       7
       6
       4
       5
       5
       5
       7
       7
      28
      70
       6
      82
       7
       7
       4
       4
       5
       5
       7
      59
       5
       5
      45
       5
       7
       6
       4
       5
       5
       5
       7
       6
       4
       5
     113
       6
      46
      82
       5
     140
       5
     123
       7
       6
      13
       4
       4
       5
       7
       6
       4
       4
       5
       5
       7
      93
       5
     214
       7
      50
       7
       6
       4
       5
       5
       5
       7
      22
       4
      54
       5
      21
       7
      74
       5
     168
       5
     162
       7
       7
     186
     139
      29
     207
       7
       7
       5
       5
       5
       5
       8
       7
       5
       5
     124
       6
      40
       7
     120
     118
      12
      86
       7
       6
       4
       5
       5
       6
       7
      61
       4
     178
       5
      84
       7
       7
     148
       5
      98
       6
      48
       6
       9
       4
       5
       5
       7
       6
       6
       5
      14
       5
       7
       6
       4
       4
       5
       5
       7
       7
     101
       5
     127
       6
      38
       7
       4
       4
       5
       5
       7
      61
       5
     174
       5
     119
       7
       7
       4
       5
       5
       5
       7
       6
     102
       5
       5
       5
       7
       7
       5
    1122
      16
     817
       8
       7
       4
       5
       5
       5
      14
       7
       4
       5
       5
       5
       7
       7
       4
       4
       5
       5
      36
       7
       5
       9
       6
     192
       7
       6
       4
       4
       5
       5
       7
      55
       4
       5
       5
       5
       7
      91
       5
       6
     138
       5
      69
      28
      91
       5
     121
       6
      54
       6
       4
       6
       5
       5
      29
       6
       4
       4
       5
       5
       7
       9
       4
       4
       5
       5
       6
       6
       4
       4
       5
       5
       7
      39
       5
      93
       5
     120
      11
      39
       9
       8
     115
       5
      46
       7
       6
       5
     107
      58
      16
       8
       5
       7
     296
       6
      67
       7
       4
       5
       5
     151
       7
       6
       5
       5
      47
       5
      41
       7
     156
       5
     104
      55
      20
       7
     113
       5
     107
       5
      28
       7
       4
       4
       5
       5
       7
       7
     227
       5
     242
       5
      47
      93
       4
     193
       5
      21
      39
       7
       5
     217
       5
     192
       7
      18
       4
     116
       5
       6
      28
       7
     144
      21
      90
     171
       7
       7
     126
       5
     151
       6
      20
       7
     308
       5
     263
       8
      40
       7
     137
       5
      32
       5
       7
       7
     147
       5
     122
       6
      33
       6
       4
       5
       5
       6
       7
       7
      59
       5
      69
       5
      24
       7
       5
       5
     126
       5
      50
      62
       5
     109
      66
       6
      34
      68
       5
     171
       5
       6
      57
      87
       5
     140
       5
     164
       7
      31
       4
       5
       5
       5
       7
      21
       4
     195
       5
      44
      28
      20
     105
     212
       5
     326
       7
       7
       4
       4
       5
       5
       7
       7
       4
       5
       5
       5
       7
       7
     102
       5
     114
       6
      35
       7
     137
     110
      48
     132
       8
      73
       5
     194
       5
       5
       7
       7
       4
       4
       5
       5
       7
       6
     104
      19
       5
       5
       7
       7
     133
       5
      48
       5
       7
      24
       5
     160
       5
     211
       7
       7
       5
     273
       5
      68
      15
       7
      90
       5
     110
       5
      10
      79
       5
     236
       5
     214
       7
      83
       5
     147
       5
       5
       7
      57
       5
      63
       5
       5
       7
      63
       5
     134
       5
     216
       7
       7
     118
      30
     337
      96
      21
       7
       5
     105
       5
     210
       7
      53
     142
     384
       5
     121
       7
      82
       5
      91
      29
      18
      86
      11
    1064
      30
     219
       6
       9
      54
       4
      20
      69
       5
      56
       7
       5
       5
       5
     295
       7
       7
     219
       5
     118
       6
      29
       7
       5
       5
      19
       5
      41
      51
       5
      76
       5
      13
       7
       7
       8
       5
     131
       5
      45
      66
       5
     114
       5
     132
       7
       7
      27
       5
     105
       6
      55
      99
       5
     354
       5
     271
       7
       7
       4
       5
       5
       5
       7
     145
       5
     107
       5
       5
       7
       7
       5
       4
       5
       5
       7
      42
       4
     105
      30
       5
      33
      61
       5
      95
      50
       6
      43
       7
       4
       5
      77
       5
      53
      54
       5
      35
     109
       6
      47
      75
       5
      15
     109
       6
       7
      69
       5
     275
       5
     316
       7
      14
       5
      87
       5
      98
      27
       7
      96
       5
     167
       5
      22
      28
       9
     215
       5
     241
       7
      47
       5
       5
     215
       6
     107
      54
       5
     263
       5
     338
       7
       6
       8
       4
       5
       5
       6
      31
       5
     250
       5
     271
       7
      47
       5
      94
       5
      58
       7
       7
       5
       5
       5
       5
       7
       7
       5
       5
       5
     327
       7
      62
       5
      89
       5
     206
       7
       7
       5
       5
     151
       5
      18
      51
       4
      46
       5
      47
       8
       7
       5
       5
     118
       5
      39
       7
       4
       5
       5
       5
       7
      57
       5
     148
       5
     220
       7
       7
     211
       5
      59
       6
      28
       6
       4
       5
      17
       5
      55
       7
       5
       5
      66
       6
      35
       7
      16
       5
      78
     200
      17
       9
       5
      33
       5
     150
       7
       7
      63
       5
     110
       5
      28
       7
     148
       5
     199
       6
      66
      25
       5
      77
       5
      91
       7
       7
       5
       5
       5
       6
      15
      59
       5
     118
       5
       5
       7
       7
     119
       5
      89
       6
      47
      86
       5
     138
      26
       6
      62
       7
      73
       5
     132
       6
      45
       6
       4
       4
       5
       5
       7
       7
       5
       5
       5
       5
       7
      65
       5
     230
       5
       6
      33
       8
      13
       5
       5
       5
       7
       6
       4
       5
       5
       6
       7
       6
       4
       4
       5
       5
       7
       6
       5
       5
       5
       5
      47
       7
       4
       5
       5
       5
       7
       7
       5
       5
     278
       6
      58
      65
       4
      26
      26
       6
      28
       7
      96
       5
     120
       5
      34
       6
       4
       4
       5
       7
       7
      61
       5
     193
       5
      23
      22
       7
       4
       5
       5
       5
       7
       7
       4
      15
       5
       5
       7
      98
       5
      81
      26
       5
      34
       7
      89
       5
      85
       6
      40
       7
     290
       5
     259
      26
      73
       6
       4
       4
       5
       5
       7
       7
      52
       5
     137
     176
       7
       6
       4
       4
       5
       5
       7
     133
       5
     151
       5
      42
       7
       7
     132
      84
      35
      88
       7
       7
     142
       5
     121
       5
      34
       7
      58
       5
       5
       5
       7
      67
       5
      82
      66
       6
      30
       7
       4
       4
       4
       5
       7
       7
       5
      97
       5
     118
       7
      11
     123
     274
       5
     458
       7
       7
     103
       5
     194
       6
     118
       7
     393
      15
     219
     168
       7
      73
       5
     138
       5
      28
      28
       7
       5
      80
       5
     196
       8
      93
       5
     340
       5
     542
       7
      44
       5
     296
       5
     230
       7
      30
       5
     209
       5
     189
       7
      13
       4
     131
       5
      35
      35
       7
       5
       6
       5
      61
      32
       6
       4
       5
       5
       5
       7
      21
       5
     102
       5
       5
       7
      63
      11
      42
       5
       5
       7
      64
       5
     290
       5
     144
       7
      24
       5
     221
       5
     123
       7
       7
     143
       5
      89
       8
      33
       7
       5
       5
       5
      40
      34
       6
       4
       5
       5
       5
       7
       7
      52
       5
     158
     174
       7
       6
       4
       4
       5
       6
       7
      54
       4
       5
       5
       5
       7
       7
       5
       5
     107
      14
      39
      69
       5
     181
       5
      24
      44
      49
      27
       4
      85
       5
      40
       7
      24
       5
     181
       5
      60
       6
       4
       4
       5
       5
       7
      46
       5
     116
       5
     130
       7
       7
     113
       5
     101
     170
       7
       7
       4
       4
       5
       5
       7
      34
       5
     123
       5
       5
       7
      76
       5
     195
       5
      99
       7
       7
       4
       4
       5
       6
       7
       7
       4
       5
       5
       5
       7
      74
       5
     157
       5
     307
       7
      93
       5
     184
       5
     283
       7
      10
       5
     312
       5
      68
       7
       7
     147
     154
      17
     298
       7
     111
       5
     218
       5
      68
      25
       7
       4
       5
       6
       5
       7
     108
       5
     130
      47
       6
      61
       6
       4
       4
       5
       5
       7
      68
       6
     287
       5
     224
       7
     137
       5
     320
       5
     376
       7
       6
       4
       5
       5
      38
       7
       6
       4
       5
       5
       5
       7
      72
       5
     169
       5
     144
       7
       6
       4
       4
       5
       5
       7
       7
       5
      13
       5
     103
       7
       7
       5
     150
       5
     133
       7
       7
      64
       5
      97
       5
      30
       7
       4
       5
       5
       6
       7
       7
     188
       5
      68
      44
      16
      12
       5
      91
       5
     293
       7
      76
       5
     235
       5
      32
      20
       7
       4
       7
       5
      48
       7
       6
       4
       5
       5
       5
       7
      66
       4
      24
       5
       5
       7
      22
      45
     159
     148
      67
       7
       7
     169
     439
       5
       6
       7
       7
       5
     201
       5
     209
       7
       7
       5
       5
       5
      86
       7
       7
       4
       4
       5
       6
       7
      40
       5
     247
      25
       6
      76
       7
       5
       5
       5
       5
       7
       7
       4
       5
       5
       5
       7
      60
       5
     160
       5
     134
       7
       7
       5
       5
       5
       5
       7
      35
       4
       4
       5
      11
       8
       6
       4
       4
       5
       5
       7
      68
       5
     165
       5
     103
       7
      65
       5
      21
      78
       5
      12
       7
     168
       5
     121
       6
      38
       7
     188
       5
       6
     169
       7
      50
       5
     190
       5
      87
       7
      61
       5
     168
       5
     214
       7
       7
     123
      10
     106
     118
       7
     121
       5
      27
       5
       5
       7
       7
     198
      32
      40
     130
       7
       7
     154
       5
     199
       6
      40
      75
       5
     192
       5
     105
       7
       7
     171
       5
      15
       5
       7
      38
      66
       5
      88
       5
      34
       6
       4
       4
       5
       5
       7
       7
       5
       6
       5
      15
       7
       7
     131
       5
     154
       6
       7
       7
       4
       5
       5
       5
       7
      57
       5
     101
      66
       6
      61
       7
       4
       5
      24
       5
       9
      83
       5
      97
       5
     196
       7
      43
       5
     261
       5
     180
       7
       7
       5
     136
       6
     326
       7
      25
     103
       5
       5
       5
       7
       7
       5
       5
     120
       6
      54
       7
     165
       5
     120
      60
      15
       8
     136
     183
       5
     143
       7
      90
       5
     193
       5
      63
      19
       6
       4
       4
       5
       5
       8
      60
       4
     206
       5
      10
       7
       7
       4
      22
       5
      67
       7
       7
       4
       5
       5
       5
       7
       7
       4
       4
       5
       5
       7
       6
       4
       5
       5
       5
      39
     350
      49
      52
     275
       6
      25
      68
       5
     159
       5
     155
       7
      44
       5
     112
       5
      24
      30
       7
       4
       4
       5
       5
       7
       7
       4
       5
       5
       5
       7
      44
       5
      62
      30
       7
      40
       7
       5
       5
     112
       5
      44
       6
       8
       4
      10
       5
       7
       7
       5
       5
     161
       6
      76
       7
       4
       4
       5
       5
       7
       7
       5
       5
       5
       6
       7
      59
       5
     158
       5
     146
      16
       6
       4
       4
       5
       5
       7
      78
       5
     296
       5
     205
       7
     200
       6
       5
       8
       5
       7
      38
       5
      77
       5
      95
       7
      82
       5
     153
       5
       5
       7
       7
       4
       4
       5
       5
       7
      58
       5
      12
       5
       5
       7
      17
       6
       5
       5
       5
       7
     105
       5
       5
     204
       6
      26
       7
     102
      19
      58
     186
       7
      49
       5
     251
      10
     136
       7
       7
     188
       5
     152
       5
      41
      46
       4
      39
      27
       6
      61
      95
       5
     181
       5
     224
       7
       7
       5
       5
      66
       5
      51
      82
       4
     334
       5
      45
      37
      67
       4
     166
       5
       5
       7
       7
      77
       5
     210
       6
     114
       7
      78
       5
      90
      97
       7
       7
       4
       5
       5
       6
       7
      36
       5
     194
       5
     202
       7
      14
     116
       5
     144
       5
      37
       8
      93
       5
     165
       5
      10
      42
      12
      12
     191
       6
      43
       7
     112
       5
     135
       6
      50
       7
     245
       5
      79
       6
      35
       7
       5
       5
       5
       5
       7
       7
      98
     120
       5
      83
       7
       7
      49
       5
      29
       5
       7
      59
       5
     218
       5
     175
       7
       7
       5
       5
      41
       5
      45
       7
       4
       4
      28
       5
       7
       8
       5
     103
       5
     289
       7
       7
       7
       5
     100
      50
      29
       6
       5
       5
       5
       5
       7
       6
       4
       5
       5
       5
      26
       7
     135
       5
     156
       6
      31
       7
      69
       5
      92
       6
      95
       6
       4
       4
       5
       5
       7
       7
     146
      92
      11
     171
       7
       7
     130
       5
     146
       5
      41
      72
       5
       5
      96
       5
      41
       6
       4
       5
       5
       5
       7
      66
       5
     130
      45
       5
      48
       7
     169
       5
      82
     145
      19
      51
       5
     250
       5
     202
       7
      42
       5
     200
       5
     199
       7
      58
       5
      88
      63
       5
      22
       7
     238
       5
     109
       6
      28
      30
       8
     131
       5
     119
       7
       6
       4
       5
       5
      61
       7
       6
       4
       5
       5
       5
       7
       7
       5
       5
     179
       5
      42
       7
      39
      14
      10
       5
       9
       7
      97
       5
     156
       6
      78
       7
     116
       6
     121
       5
      21
      60
       5
     126
       5
     250
       7
      28
       5
     214
       5
     119
      14
      48
       5
     314
       5
     193
       7
      78
       5
     237
      23
       6
      43
       7
       5
     169
       5
     281
       7
      57
       5
     258
       5
     160
       8
      48
       5
     154
       5
       6
      65
       7
       4
       5
       5
       5
       7
     127
       5
     172
       5
     294
       7
       7
     258
     168
       5
     139
       7
      64
       5
      60
      93
       6
      58
      75
       4
     110
       5
       7
       7
       7
     119
       5
      80
       5
      43
     126
       5
       5
     172
       6
      49
      64
       5
     206
       5
       7
       7
       8
      71
     281
       5
     336
       7
       7
      77
     129
    1046
     863
      17
       7
       4
       5
       5
       5
       7
       7
       4
       4
       5
       5
       7
       7
     108
      79
      89
     189
       7
      71
       4
      56
      33
      10
      41
       7
       4
       4
       5
       5
       7
       6
       4
       4
       5
       5
       7
       7
       5
      27
       5
     159
       7
       7
       4
       5
       5
       5
      27
       6
       4
       5
       5
       5
       7
       6
       4
       4
      15
       5
       7
       7
       4
       5
       5
       5
       7
       7
     266
       5
     157
       6
      46
       7
       4
       5
       5
       6
       7
     183
    1122
      69
    1122
      37
     205
       7
       5
       5
       5
       6
       7
       7
       5
      95
       5
     131
      10
       7
       4
       4
       5
       5
       7
       7
       4
       5
       5
       5
       7
       7
       4
       4
       5
       5
       7
      49
       5
     100
       5
      96
       7
      67
       5
     195
       5
     197
       7
       6
     149
       5
     101
       6
       9
       7
     164
       5
     125
       6
      27
       6
       4
       4
       5
       5
       7
       7
       4
       7
       5
       5
       7
      60
       5
     143
       6
     143
       7
       6
       4
       4
       5
       6
       7
      16
     130
     262
       5
      89
       7
       7
     137
      40
     112
     204
       7
       6
       4
       4
      13
       5
      23
       7
     119
       5
     124
      63
      17
       7
     152
       5
      86
       6
      33
       7
      25
       5
     137
     143
       7
       7
     116
       5
      99
      26
      31
       7
     205
       5
      97
       6
      43
       7
       4
       4
       5
       5
       7
       7
       4
       5
       5
       5
       7
       7
       5
       5
      96
       5
      15
      45
       5
       5
       5
       5
       7
       7
     156
       5
     187
     172
       7
       7
       4
       4
       5
       5
       7
      41
       5
     203
       5
      77
      38
      55
       5
     133
       5
     103
       7
       7
     163
       5
     110
       5
      20
       7
       5
       5
      23
       5
      48
      17
       5
     208
       5
     232
       7
      56
       5
     199
       5
     118
       7
       7
       4
       5
     115
       5
       7
       6
       4
       4
       5
       5
       7
      79
       5
     184
       5
     170
       9
       9
      72
       5
      72
       6
      32
      76
       5
     208
       5
     303
       7
      15
       5
     211
       5
     168
       7
       7
       4
       4
       5
       5
       7
       7
     162
       5
     108
       6
      23
      39
       4
       5
       5
       5
       7
      29
     240
     215
       5
      53
       7
      10
     129
     133
       5
     149
       7
       7
     149
       5
     151
       5
      10
       6
       4
      21
       5
      92
       7
       7
     196
       5
     114
       6
      36
       7
       4
       4
       5
       5
       7
       7
       4
       4
       5
       8
       7
      16
      82
     286
       5
      39
       7
       7
     133
       5
     134
       6
      59
       7
       4
     249
       5
       6
       7
       7
       4
       5
       5
       5
       7
       7
     137
       5
      97
       6
      22
       7
       5
     157
       5
     268
       7
       6
       4
       4
       4
       6
       7
       6
       5
       4
       5
       5
       7
       7
       5
     113
       5
     179
       7
      11
       5
     122
       5
     122
       7
       8
     224
     114
      32
     180
       7
       7
      57
       5
     119
       5
      30
       7
      65
       5
      76
       5
      29
      47
       5
     125
       5
      36
       7
       7
     217
       5
     170
       6
       9
       7
     163
     161
      26
     205
       8
       7
       5
       5
      39
       7
      23
       7
       4
       5
       5
       5
       7
      20
       5
     136
       5
     209
       7
      14
      53
     393
       5
      12
       7
      39
       7
     146
       5
     191
       7
       7
     136
       5
     145
       6
      54
       7
       5
     106
       5
     211
       7
      55
       5
     194
       5
     139
       7
      80
       5
      61
     160
       6
      31
       7
      93
       5
     176
       6
      59
       7
       4
       4
       5
       5
       7
       6
       4
       4
       5
       5
       7
      70
       5
     157
       5
     292
       7
       7
       5
       5
      63
       5
      77
       8
     188
       5
     157
       6
      56
       7
       4
       5
       5
       5
       7
      39
       5
      18
       5
       5
       6
      45
       5
      73
       5
       5
       7
       7
     146
       5
      77
       6
      33
       7
     134
       5
      85
      43
      33
       7
       5
       5
      14
       6
      76
       7
       5
      31
       5
     231
       7
       7
     131
       5
      34
     197
       7
       6
       5
       4
       5
       6
       7
       7
     145
       5
     172
      10
      39
      78
       5
     148
       8
       5
      43
       7
       4
       4
       5
       6
       7
       7
      45
       5
     171
      58
      21
       7
       4
       5
       5
       5
      11
       7
      78
       5
     139
     129
       7
      66
       5
     156
       5
       5
       7
       6
       5
       5
       5
       5
       7
       6
       4
       4
       5
       6
       7
       6
       4
       4
       5
       5
       7
       7
       4
       5
       5
       6
       7
      60
       5
     186
       5
       6
      26
      75
       5
     185
       5
     228
       8
       7
     115
       5
     106
       6
      46
       7
     212
       6
      48
       5
       7
       7
       5
      22
       5
      83
       7
       6
       4
       5
       5
       5
       7
       6
       4
       5
       5
       5
       7
       6
       4
       4
       5
       5
       7
      46
       5
     202
       5
      33
       7
       6
       4
       4
       5
       6
       7
      57
       5
     178
       5
      19
      41
       7
       4
       5
       5
       5
       7
       7
     130
       5
     101
      54
      26
       7
      62
       5
     114
       6
      53
      49
      50
     191
       5
      14
       7
      42
       5
     172
       5
      26
      22
      21
      98
     181
       5
     145
       7
      78
       5
      81
     107
       6
      35
      69
       4
       5
       5
       5
       7
      25
       5
       4
       5
       5
       7
      67
       5
     153
       5
     167
       7
       7
     164
       5
     172
      19
      44
       7
       5
       5
       5
       5
       7
       7
     200
       5
      54
       5
      36
       7
       5
     149
       5
     178
       7
       7
       4
       5
       5
       5
       7
       7
     128
       5
     126
       6
      33
       7
      94
       5
      80
      21
      40
       7
     104
       5
      72
      53
      28
      36
       5
      82
       5
      62
       7
      62
      26
      12
       5
       5
       7
       7
     238
       5
      39
       5
       7
      20
      51
       5
     118
       8
      24
       7
     159
      12
     126
       6
      55
     110
       5
     202
       5
       5
       7
       6
       4
       4
       5
       5
       7
       7
      17
       4
       4
       9
       7
       7
       4
       5
       5
       6
       7
       7
      62
       5
      82
       6
      37
       7
      59
       5
     155
       6
      33
       7
       5
       5
       5
       5
       7
      74
       4
     169
       5
       5
       7
       7
      69
       5
     152
       6
      53
       6
       4
       4
       5
       5
      32
      39
      11
       5
     109
       6
      47
      72
       5
      43
     124
       7
      38
      36
     109
       5
      88
       6
      75
       7
       9
       5
     177
     161
      18
      97
       4
      46
      92
       6
      86
      11
      22
     159
       5
     114
       7
       7
     120
     217
       5
     280
       7
       7
     121
       5
     102
       6
      29
     444
     331
     519
     231
     352
      18
       7
     168
       5
     110
     220
       7
       6
       4
       5
       5
       5
       7
      38
      28
       9
       5
       5
       8
       7
       4
       5
       5
       5
       7
       7
      90
       5
      92
     150
       7
      49
       5
     250
       5
     174
       7
       7
       4
       5
       5
       9
       7
       7
       5
       5
     106
       5
      39
       7
     123
       5
       5
       5
       7
       6
       4
       4
       4
       6
       7
       7
       5
       5
     182
      77
      24
       7
     108
       5
      63
       5
       7
     121
       5
     254
       5
     368
       7
      66
       5
     216
      11
      12
       7
       7
       4
       5
       5
       5
       7
       6
       4
       4
       5
       5
       7
       7
      90
       5
      65
       6
      38
       7
      88
      13
     133
       5
      36
       7
       5
       5
       5
       7
       7
      33
       4
     136
       5
       6
       8
      77
     146
     104
     124
       9
      51
       7
     283
       5
     206
       6
       7
      11
      33
       5
     146
       5
      43
       7
     218
       5
     133
       6
      33
       6
       4
       4
       5
       5
       7
       7
       4
       4
       5
       5
       7
      71
       5
     223
       5
      36
      57
       7
     206
       5
      25
       6
       7
      35
       5
     160
       5
      19
       7
       7
       5
     230
       5
     398
       7
       7
     164
       5
      77
       6
      98
       9
     100
     221
       5
      91
       7
       7
       5
     306
       5
       6
      83
       8
       4
      18
       5
       5
       7
       6
       4
       4
       5
       5
       7
       7
       4
       5
       5
       5
       7
      84
       5
     103
      64
       6
      44
      61
       5
       5
       5
       5
       7
       7
     139
       5
     142
       6
      34
       6
       5
       5
       5
       5
       7
      58
       5
    1122
       5
     344
       7
       7
     155
     177
       5
      79
       7
       7
       4
       5
     119
       5
      26
       7
     111
       5
      82
       5
      11
       7
       5
       5
       8
       5
      49
       7
     223
       5
     136
       6
      38
       7
       4
       5
       5
       5
       7
       7
     151
       5
     145
       6
      39
       7
       4
       5
       5
       5
       7
       6
       9
       5
       5
       6
       7
       7
       4
       5
       5
       5
       7
       6
       7
       5
       5
       5
       7
      97
       5
     392
      15
       6
      17
       7
       5
       5
     336
     437
      10
      47
       5
     134
       5
     131
       7
       7
     136
      53
     145
     195
       7
      60
       5
     157
       5
       6
       7
      51
       5
       5
     404
       7
      81
       7
     180
       5
      91
       5
      22
       8
       4
       5
     111
       5
      14
       7
       4
       5
       5
       5
       7
       7
     353
       5
     293
       6
      14
       7
       4
       5
       5
       5
       7
       7
       4
       5
      88
       5
      44
      21
     180
     436
       5
      71
       7
      74
       5
     172
       5
     125
      23
      57
       5
     160
       5
     175
       7
      85
       5
       8
       5
       5
       7
       7
     159
       5
     133
       5
       7
      15
      20
       5
     163
       6
      35
       8
     121
       5
      96
       6
      25
     169
       5
     204
       5
      16
       7
       7
     119
       5
      68
       6
      56
      14
       5
       5
       7
       5
       7
       7
       4
       5
       5
       5
       7
       7
       5
       5
       5
       7
       7
       7
       7
       5
      95
       5
      41
      58
       8
       5
     126
       7
      69
       7
       4
       5
       5
       5
       7
       7
       5
       5
      45
       5
      53
       7
     237
       5
     163
     150
      10
      79
       5
     183
       5
      53
       7
       7
     223
       5
     171
       6
      46
       7
       4
       4
       5
       5
       7
       7
       5
       5
       5
      80
       7
       7
     163
       5
     172
       6
      53
       7
       5
       5
      99
       5
      46
       6
       4
       4
      34
       5
      46
       7
     102
       5
     154
       6
      33
       7
       4
       4
       5
       5
       7
       7
       4
       5
       5
       5
       7
      12
       5
       5
     246
       6
     263
       7
       4
       5
       5
       5
       7
       6
      26
       5
      55
       5
      34
       7
     154
       5
      91
       6
      50
       6
       4
       4
       5
       5
       7
       7
      29
       5
       5
       5
       7
       9
       5
       5
     105
       5
      58
       6
       4
       5
       5
       5
       7
       7
      84
       5
      17
       5
       7
      29
       5
     202
       5
     235
       7
       7
       5
     116
       5
     140
       7
      70
       5
     178
       5
      91
       7
       7
     199
       5
     140
      53
       7
      23
       5
     171
       5
      59
      37
      24
       5
     467
       5
     148
      33
       7
       4
       5
       5
       5
       7
       7
       4
       5
       5
       5
       7
      71
       9
       5
     113
       5
      43
      96
       5
      49
      58
      11
      44
       7
      79
       5
       5
       5
       7
     128
       5
     195
       5
     202
       7
       7
       4
       5
       5
       5
       7
       7
     121
       5
     109
       5
      31
      53
       5
     130
      23
       5
     111
       7
     131
       5
      95
       5
      40
       7
       4
       5
       5
       5
       7
       7
       4
       5
       5
       5
       7
       7
       4
       5
       5
       5
      10
       7
     144
       5
      46
     163
       7
       7
     218
      91
      53
     210
       7
       7
      77
     117
       5
     184
       7
      89
       5
     186
       5
     219
       7
       6
       4
       5
       5
       5
       7
       7
       4
       5
      52
       5
      47
      47
       5
     201
       5
      55
       7
      14
       4
       4
       5
       5
       7
       7
     100
      17
      77
     195
       7
       7
     195
     117
     237
     284
       7
       7
      90
       5
     118
       6
      17
       7
     158
       5
     174
       6
      42
       7
       5
       5
       5
     185
       7
      34
       5
     179
       5
      78
       7
       7
       5
       5
       5
       5
       7
       7
       5
       5
      46
       6
      43
       7
       4
       4
       5
       5
       7
      30
     109
     248
       5
      97
       7
       7
     105
       5
      85
       5
      33
       7
       4
       5
       5
       6
       7
      48
       5
     197
       5
     131
       7
       7
       4
       5
       5
       5
       7
       7
       5
      95
       5
     154
       7
       7
       4
       5
       5
       5
       7
       7
       5
       5
     206
     462
       7
       7
     118
       5
      94
       5
      37
       7
       5
       5
       5
       6
       8
       7
       4
       5
       5
       5
       7
       7
       4
       4
       5
       5
       7
      99
       5
     249
       5
      53
      34
       7
      74
      84
      44
     359
       7
      65
       5
      13
     143
       5
      42
       7
     148
       5
      96
       5
      53
      47
       5
     188
       5
       6
      47
      37
       5
     178
       5
       5
       7
       7
      98
       5
     125
       6
      22
       6
       4
       4
       5
       5
       7
       9
       5
     252
      14
       6
      72
       7
      85
       5
       5
       5
       7
     137
       5
       5
       7
       5
      33
       7
       4
       5
       5
       5
       7
      88
       5
     253
       5
     219
       7
       7
      83
       5
     119
      30
      22
       7
      22
       5
       5
       5
       7
      52
       5
     157
       5
      20
       7
       7
     202
       5
     117
       6
      44
       7
     259
       5
     256
       6
      30
      24
     133
       5
     119
       6
      37
       6
       4
       5
       5
       5
       7
      65
       5
      81
       5
       5
       7
       7
     103
     106
      65
      99
       7
       7
       5
       5
     126
       5
      36
       7
      62
       5
      70
       5
      31
       7
      88
       5
       5
      11
       7
       7
     182
      14
      75
     181
       7
     130
       4
       5
     224
       5
      29
       7
       4
       5
       5
       5
       7
       7
     214
       5
     134
       5
       8
       7
     215
       5
     106
       6
      62
       6
       4
       4
       5
       5
       7
      98
       5
     101
       5
     228
       7
       7
      16
       5
     183
       5
      55
       7
       5
     212
       5
     108
      20
       7
      73
       5
      72
       6
      33
       7
      55
      53
     112
     280
       7
       7
       4
       5
       5
       5
       7
      14
       5
     141
       5
     381
       7
      12
     117
       5
      89
       6
       7
       6
       4
       4
       5
       5
      11
       7
     130
       5
     131
       6
      16
       7
       4
       4
       5
       5
       7
       6
      21
       5
       5
       5
       7
       7
       4
       5
       5
       5
       7
       6
       5
       4
       5
       5
      17
       7
     108
       5
     119
      98
      27
       7
      75
       5
     174
       6
      63
      68
       5
     223
       5
      51
       7
      62
      67
      11
     273
       6
      97
       7
       4
       5
       5
       5
       7
       7
       5
     173
       5
     534
       7
       6
       5
       5
       5
       5
       7
      93
       5
     157
       5
     218
       7
       7
       4
       5
       5
       5
       7
       7
     170
       5
     153
       6
      44
       7
     247
       5
     141
      44
       7
      93
       5
      92
       5
       5
       7
      49
       5
       5
     162
       6
      43
       7
       4
       4
       5
       5
       7
      75
       5
     198
       5
     226
       7
      75
       5
     237
       5
     202
       7
      14
      21
     182
       5
     129
       7
      79
       5
     194
       5
     172
       7
       7
       4
       5
      14
       5
      57
       7
     185
       5
     156
       6
      57
       7
      91
       5
     120
      48
      20
      71
       5
     203
       5
      13
       7
      82
       5
      27
     111
       5
      39
       6
       4
       4
      22
       5
      36
       7
     140
       5
     103
       6
      52
       7
     170
       5
     158
       6
      69
       7
       4
       4
       5
       5
       7
       7
      87
       5
     104
       6
      39
       7
       4
      16
       5
      69
       7
       6
       4
       5
       5
       5
       8
       7
     138
       5
     131
       6
      62
       7
       5
     159
       5
     208
       7
       7
     192
      30
      54
     222
       7
       6
       4
       5
      31
       6
      43
      10
       5
     101
       5
     131
       7
       7
       5
       5
     147
       6
      31
       7
      37
       5
       5
       5
       7
       7
       5
       5
      65
       5
      57
       7
     190
       5
     145
       6
      39
       7
       4
       5
       5
       5
       7
       7
     130
      93
      13
     228
       7
       7
      21
       5
     212
     313
       7
       7
       5
       5
       5
       6
       9
       7
       4
       4
       5
       5
       7
      93
       5
     447
       5
     195
       8
       7
      17
       5
       5
     241
       7
     108
       5
     306
       5
     168
       7
       6
       4
       5
       5
       5
       7
      35
     139
       5
     122
       5
      17
      23
       5
      81
      47
       5
      43
       7
       5
     143
       5
     138
       7
      43
       5
      78
       5
      63
       7
       7
     113
       5
      95
       6
      41
       7
       4
       4
       5
       5
       8
      63
       5
     323
       5
       6
       7
      71
       5
     116
      16
       5
      54
      28
      81
     190
       5
      10
       7
      51
       4
      84
      65
       5
      46
       7
     191
       5
      94
       6
      16
      45
      38
     115
       5
     127
       7
       6
       4
       5
       5
       7
       7
      72
       5
     175
       5
     177
       7
       7
       5
       5
       5
       6
       7
       8
       4
       5
       5
       5
       7
       6
       4
       4
       5
       5
       7
       7
       4
       4
       5
       6
       7
       7
     128
      87
      94
     206
       7
       7
      20
       5
     100
       5
      23
       7
       5
       4
       5
       7
       7
       7
       4
       4
       5
       5
       7
      65
       5
     196
       5
       5
      39
      32
       5
      83
       5
       5
       7
       7
       5
       5
       5
       5
       7
       7
     197
       5
     113
       6
      46
       7
       4
       4
       5
       5
       7
       7
       4
       5
       5
       6
       7
      18
      60
     135
       5
     261
       7
       6
       4
       4
       5
       5
       7
      18
       4
      16
       5
      44
       7
       7
     143
       5
      65
     149
       7
       6
       4
       5
       5
       5
       7
       6
       4
       5
       5
       5
       7
      49
       5
      77
       5
       6
       7
       6
       4
       4
       5
       5
      10
      81
       5
     111
      24
       5
      73
       7
       5
       5
       5
       5
       7
     139
       5
     756
       5
      37
       7
       7
       5
       5
      93
       5
      41
       7
       4
       5
       6
       5
      20
      65
       5
      26
      71
       5
      51
       7
     156
     123
       9
      98
       7
       9
      97
       5
      83
       6
      26
      14
       5
     146
       5
      63
      26
       6
       4
       4
       5
       5
       7
       6
       4
       4
       5
       5
       7
       7
       4
       4
       5
       5
       7
      75
      16
     219
       5
     140
       7
       7
       4
       5
       5
       5
       7
       7
     228
       5
     107
      10
      65
      49
       6
      13
      88
       5
      33
       7
      76
       5
      87
       6
      29
       7
      95
       5
       5
       8
       7
      70
       5
     128
       5
     335
       7
       7
     180
       5
      68
       6
       7
       7
       5
       9
       5
     176
       7
      76
       5
     155
       5
      83
       7
       7
     134
       5
     113
       6
      45
       7
       4
       4
       5
      14
       7
      80
       5
       5
     135
       6
      32
      23
       4
       5
       5
       6
       7
      54
       5
     248
       5
      75
      19
      87
       5
      37
       5
       5
       7
      67
       5
     245
       5
      71
      35
      77
      30
       5
     114
       5
       7
      49
       5
      62
      70
       6
      46
      11
     157
       5
     159
       6
      11
       7
     198
       5
      18
       5
       7
       7
      71
       5
     236
       6
       7
       7
      61
      47
      85
     206
       7
       7
       4
       4
       5
       5
       7
       7
       4
       5
       5
      89
       7
       7
     104
       5
      99
       6
      49
       7
       4
       5
       5
       5
       7
       7
     158
       5
      79
       5
       7
       7
       4
       5
       5
      27
       7
      63
       5
      62
       5
       5
       7
       7
     123
       5
     123
      16
      42
       7
       5
      75
       5
     126
       7
      18
     142
       5
     105
       5
      40
       8
       4
       5
       5
       5
       7
      68
       5
     110
       5
     104
       7
       7
     256
       5
      98
       6
      45
       6
       4
       4
       5
       5
       7
       7
       5
     114
       6
    1108
       8
       7
      91
       5
      32
       5
       7
       7
       4
       5
       5
      10
       7
       7
     122
       5
     139
       5
      34
       7
     119
       5
     159
       6
      49
      16
       5
     154
       5
      58
      29
       7
       4
       4
       5
       6
       7
      59
       5
     130
       6
     191
       7
       7
     223
       5
     113
       5
      37
       7
      28
       5
     109
       5
      22
       7
     159
       5
      96
     200
       7
      76
       5
     182
       5
      99
       6
       7
     211
       5
     127
     101
      14
       7
       4
       4
       5
       5
      22
       7
       4
       5
       5
       6
       7
       7
       5
      16
       5
     116
       7
       7
      91
       5
     169
       6
      74
       7
       5
      76
       5
     168
       7
       7
       5
       4
       5
       5
       7
      65
       5
     170
       5
       6
       7
       7
       4
       4
       5
       7
       7
       6
       4
       4
       5
       5
       7
      25
       5
       4
       5
       5
       7
       7
       4
       5
       5
       5
       7
      25
       5
     220
       5
     112
      32
       7
     227
       5
     118
       6
      32
       7
       4
       5
       5
       5
       7
       7
     102
       5
     123
     103
      19
       7
       8
     218
       5
      49
       7
       7
       4
       4
       5
      12
       7
       7
     172
       5
     121
       6
      27
       7
       4
       4
      11
       5
       7
      35
      92
       5
      87
       6
      42
     105
       5
     355
       5
     103
       7
       7
     105
       5
       5
       5
       7
     176
       5
     217
      53
      48
      47
      61
       4
     141
       5
     148
       7
       7
       4
       5
       5
       5
       7
       7
       4
       4
       5
       5
       7
       7
       4
       4
       5
       5
       7
      48
     116
       5
      99
       5
      36
       7
     191
     242
       5
      93
       7
       8
       5
     154
       5
     302
       7
       6
       4
       4
       7
       5
       7
       7
       5
     204
       5
     119
      14
       7
       4
       4
       5
       5
       7
       7
       5
       5
       5
     153
       7
      38
       5
     174
       5
     186
      12
      78
       5
       9
     153
       6
      36
       6
       5
       5
       5
       5
      30
       7
       6
       5
     168
     180
      15
       6
       5
       5
       5
       5
       7
       7
       5
       5
     146
      70
      27
      74
       5
     238
       5
     261
       7
     124
       5
     242
       5
      38
       7
       7
     306
       5
      93
       6
      40
       6
       4
       4
       5
       5
       7
      31
      25
       5
     114
       5
      34
      66
       5
     109
       5
     165
       7
       7
       5
       5
       5
       6
      31
       7
     140
       5
      60
       5
      22
       7
     175
      71
      75
     258
       8
      93
       4
      23
       5
       5
       7
       6
       4
       4
       5
       5
       7
       8
      63
       5
      83
      23
      34
       7
      77
      51
      13
     158
       7
       7
       5
     153
       5
     116
       7
       6
       4
       4
       5
       5
       7
       7
     196
      21
     132
     266
       7
      74
       5
     226
       5
     277
       7
       7
       5
       5
       5
     166
       7
       7
       5
       4
       8
       5
      42
       7
     227
       5
      61
      81
      16
     120
       5
     298
       8
      23
      71
       7
       5
     120
       5
     196
       7
       7
     151
      80
      66
     249
       7
       6
       4
       4
       5
       5
       7
       7
       5
       4
       5
       5
       7
      73
       5
     119
       5
     110
       7
       7
       4
       5
       5
       5
       7
       7
     180
       5
     135
       5
      39
