71 5 211 5 160 8 
67 4 5 79 5 41 
7 4 5 5 5 7 
7 5 96 5 58 7 
7 167 5 5 5 7 
7 160 5 127 5 7 
34 13 920 35 233 8 
7 141 5 10 5 7 
7 4 5 5 123 7 
6 4 4 5 5 7 
7 5 5 5 144 7 
7 187 12 127 148 7 
7 49 5 162 16 35 
6 4 4 5 6 7 
7 5 251 6 195 7 
339 334 23 5 5 8 
8 4 4 5 5 7 
46 5 195 5 24 7 
7 4 180 5 72 27 
41 4 170 5 208 7 
6 4 4 5 5 7 
7 5 4 5 5 7 
7 152 162 5 93 7 
7 115 34 54 85 7 
6 4 4 5 5 7 
39 36 183 6 201 7 
7 86 5 5 6 7 
7 115 5 96 5 25 
7 142 5 153 32 22 
8 30 183 5 105 7 
101 5 213 5 60 7 
6 4 4 5 5 7 
7 4 5 5 5 7 
102 15 161 5 104 7 
7 64 5 131 83 23 
7 114 5 112 6 7 
45 5 98 53 5 44 
7 80 5 114 6 80 
6 4 4 5 5 7 
71 5 171 5 140 7 
6 4 4 5 5 7 
105 5 147 5 145 7 
7 5 5 5 5 7 
52 5 191 5 220 7 
7 5 5 153 6 38 
7 5 162 5 237 7 
7 28 18 75 97 7 
106 5 70 134 6 39 
6 17 5 70 5 35 
7 304 5 217 179 9 
7 4 5 5 5 7 
7 4 4 5 5 7 
48 5 123 5 89 14 
6 4 4 5 5 7 
72 4 199 5 21 7 
6 4 5 5 5 7 
6 4 5 5 5 7 
50 5 161 5 149 7 
7 197 5 174 6 38 
31 5 225 5 173 7 
52 5 117 5 101 7 
7 139 5 130 6 22 
7 84 5 108 5 35 
6 5 13 5 178 7 
7 126 5 94 5 34 
7 4 4 5 5 7 
7 5 5 5 6 7 
39 5 177 5 110 7 
15 138 217 5 168 7 
6 5 5 5 5 7 
7 4 4 5 5 7 
73 5 187 5 178 7 
7 226 7 164 6 56 
7 5 5 85 6 30 
35 14 5 68 5 33 
7 5 4 5 5 7 
7 4 4 5 5 7 
7 4 200 5 208 7 
7 4 5 7 5 7 
7 5 187 5 126 6 
9 5 195 5 152 8 
6 4 4 5 5 7 
7 4 4 5 5 7 
7 4 4 9 5 41 
60 5 168 5 57 9 
7 102 5 124 6 30 
7 115 5 62 6 39 
41 5 5 60 6 27 
7 146 52 36 5 7 
92 5 161 5 106 7 
7 189 9 92 114 22 
6 4 4 5 5 7 
53 5 75 5 5 7 
7 4 5 5 5 7 
7 77 10 121 6 53 
7 240 72 53 5 7 
7 5 5 5 129 7 
6 5 5 5 5 7 
45 5 293 5 291 12 
78 25 5 130 5 41 
7 5 8 5 5 7 
7 5 91 5 204 7 
10 5 169 5 212 7 
95 4 6 113 5 37 
68 11 5 110 6 31 
7 4 5 5 7 7 
7 5 212 5 112 7 
7 4 4 5 5 7 
22 471 103 5 59 7 
7 5 5 5 5 7 
7 207 5 146 6 41 
14 455 5 5 6 7 
46 5 194 5 120 7 
102 5 173 5 178 7 
7 5 152 5 609 8 
12 38 5 18 6 7 
7 4 4 5 5 7 
59 5 127 13 20 27 
113 5 212 5 111 8 
7 4 4 5 5 7 
7 103 5 99 6 8 
7 137 5 95 5 70 
7 4 4 5 5 7 
7 158 5 54 5 10 
12 4 4 5 5 7 
40 50 5 121 5 16 
7 291 5 211 6 106 
55 4 13 94 5 49 
62 5 138 65 6 42 
7 78 5 108 5 53 
7 128 30 32 179 7 
7 5 84 5 141 7 
6 4 4 5 5 53 
7 4 5 5 5 7 
26 5 227 5 6 48 
7 4 4 5 5 7 
7 4 5 5 5 7 
7 181 89 17 209 7 
7 4 4 5 5 7 
36 4 32 5 6 7 
7 65 5 228 6 57 
7 126 5 98 5 38 
48 77 212 5 132 7 
7 5 5 119 5 47 
362 223 53 50 289 158 
106 5 173 52 10 56 
7 183 5 125 5 46 
53 5 131 5 101 7 
24 4 5 5 5 7 
6 4 69 5 168 10 
23 5 28 5 5 19 
7 4 4 6 5 7 
146 5 204 5 164 7 
7 154 5 179 6 42 
7 5 5 5 7 8 
69 5 208 5 200 7 
7 5 5 5 5 7 
6 4 5 5 5 7 
89 13 9 76 6 64 
33 5 5 5 5 7 
7 5 4 5 5 7 
12 88 94 5 35 7 
7 4 5 5 5 9 
6 4 5 5 5 7 
7 84 5 178 17 33 
23 5 205 5 130 7 
7 4 5 5 5 7 
7 5 5 5 5 21 
6 4 5 5 5 7 
7 90 5 5 5 7 
6 4 4 5 5 7 
7 4 4 5 5 8 
7 252 5 160 6 39 
7 185 5 133 6 60 
7 118 5 129 134 7 
7 5 229 5 28 75 
7 5 4 5 5 7 
7 4 4 5 5 7 
7 4 5 5 5 7 
7 5 5 5 5 7 
46 5 164 5 191 7 
40 5 123 5 70 30 
7 5 5 51 5 65 
32 39 5 65 6 33 
7 4 5 5 5 7 
6 4 5 5 5 7 
64 5 134 5 148 7 
13 4 350 5 60 21 
99 5 265 5 257 7 
10 4 131 5 61 10 
14 5 218 5 243 7 
7 4 4 5 5 7 
69 5 286 5 65 7 
7 4 5 5 5 7 
7 155 159 32 161 7 
7 4 5 33 6 7 
7 113 5 83 6 35 
7 4 5 80 5 7 
7 217 5 173 6 12 
7 5 5 5 75 7 
6 4 4 5 5 7 
107 5 131 5 6 7 
7 112 73 55 122 7 
41 5 95 5 346 7 
7 5 5 254 6 94 
90 5 115 5 202 7 
7 84 4 5 5 7 
59 10 186 5 23 7 
7 110 69 21 140 7 
7 4 4 5 5 7 
20 4 5 5 5 7 
7 4 5 5 5 7 
6 4 4 5 5 7 
7 4 4 5 5 7 
102 5 64 60 5 55 
7 5 15 5 245 7 
7 5 90 5 139 7 
7 96 27 100 218 7 
6 127 5 14 5 7 
7 5 172 5 181 7 
7 5 104 5 141 9 
7 4 5 5 5 7 
7 156 5 83 6 32 
175 5 228 5 196 7 
7 5 90 44 9 43 
55 5 131 5 184 8 
7 4 4 5 5 7 
6 4 50 5 166 7 
7 4 4 5 5 7 
7 4 5 5 5 7 
7 5 265 5 208 7 
6 4 5 5 5 7 
7 215 96 55 159 7 
7 5 5 150 6 57 
76 5 69 5 5 7 
7 133 39 310 682 8 
33 5 200 5 161 7 
60 5 5 109 6 49 
37 4 114 5 5 7 
6 4 4 5 5 7 
7 96 5 143 175 8 
7 5 5 52 5 47 
6 4 5 5 5 7 
7 4 5 5 5 7 
7 4 5 5 45 7 
76 5 151 5 189 7 
109 5 5 5 5 31 
7 5 164 5 196 7 
56 5 5 5 5 8 
7 5 193 5 53 7 
7 5 16 5 134 7 
7 16 5 5 5 7 
32 5 238 5 147 7 
39 4 51 5 5 7 
70 5 114 5 153 7 
7 5 246 5 233 7 
7 35 5 58 5 32 
7 117 238 5 204 10 
6 4 5 5 52 7 
7 5 5 93 6 40 
6 4 5 5 5 7 
7 4 5 5 5 51 
6 4 4 5 9 32 
38 5 190 22 6 56 
7 70 5 114 5 21 
83 5 30 63 5 36 
7 5 37 5 131 7 
6 4 4 5 5 7 
26 70 5 86 6 7 
64 5 170 5 185 7 
7 4 5 5 5 7 
16 57 10 5 5 9 
7 122 5 5 5 7 
10 4 49 5 5 7 
60 5 102 5 140 7 
7 5 5 5 6 7 
6 4 4 7 5 7 
7 6 4 5 5 7 
14 4 7 5 5 7 
6 5 5 100 5 44 
7 5 167 5 130 7 
7 223 5 68 6 20 
35 5 157 5 125 7 
7 5 5 44 5 49 
7 5 5 5 5 30 
33 5 160 5 5 53 
50 5 129 14 199 7 
7 4 5 5 5 7 
71 5 324 16 30 78 
73 5 219 5 7 7 
7 5 5 5 113 7 
7 4 5 5 5 7 
7 27 5 161 31 34 
27 5 5 5 5 7 
54 5 152 5 137 7 
6 48 5 94 5 7 
28 126 149 5 284 7 
35 4 92 5 73 7 
7 5 116 6 169 8 
27 67 198 5 162 7 
6 4 5 5 5 7 
7 4 4 5 5 7 
7 112 5 70 5 28 
22 136 5 25 17 20 
7 135 101 53 135 7 
6 4 4 5 5 7 
7 4 4 5 5 7 
7 5 5 31 5 41 
60 5 91 5 5 7 
7 125 97 6 186 7 
7 4 7 5 5 7 
7 129 32 67 208 7 
147 5 127 5 205 7 
7 4 5 5 5 7 
7 143 106 114 242 7 
61 5 177 5 5 7 
7 58 5 148 6 31 
46 34 5 5 7 7 
7 365 7 321 6 59 
34 5 118 5 46 15 
7 147 5 68 135 7 
7 4 62 5 181 9 
7 4 4 5 5 7 
48 5 192 5 139 7 
125 6 252 5 324 7 
6 4 4 5 5 7 
7 6 5 5 5 7 
16 5 253 5 60 60 
51 169 63 4 17 20 
7 138 5 110 5 41 
7 156 10 171 5 39 
85 5 294 5 255 7 
61 17 5 133 5 82 
7 4 5 5 5 7 
7 113 5 152 181 8 
6 20 5 170 5 26 
7 5 5 69 5 77 
22 27 5 5 5 7 
11 4 5 5 5 7 
61 5 5 59 5 43 
97 5 241 5 278 7 
6 4 27 4 34 7 
6 4 5 6 29 7 
7 98 5 73 5 41 
7 411 5 277 5 117 
9 145 5 108 7 47 
19 5 54 5 162 7 
26 15 5 58 5 23 
7 5 5 147 5 32 
7 184 5 159 5 47 
66 5 144 5 172 7 
28 4 18 5 272 9 
7 157 87 35 121 7 
6 4 4 5 5 7 
7 4 5 5 7 7 
50 5 179 5 7 7 
6 4 5 5 5 7 
88 5 122 40 5 51 
6 4 4 5 5 7 
7 209 311 5 112 7 
6 113 5 60 5 33 
7 4 5 5 48 7 
7 5 138 5 120 7 
133 5 328 5 28 7 
7 112 5 5 5 7 
10 4 5 5 5 7 
7 4 4 5 5 7 
6 4 4 5 5 7 
7 5 5 5 5 7 
7 4 4 5 5 7 
7 104 66 5 185 7 
24 5 197 5 252 9 
60 12 140 5 5 28 
7 330 5 210 6 66 
6 4 5 87 5 53 
6 4 4 5 5 7 
7 5 272 5 391 7 
6 5 5 7 5 7 
6 4 5 5 5 7 
77 5 167 19 155 7 
7 4 5 5 5 31 
7 4 5 5 5 7 
7 5 49 5 170 7 
46 5 242 5 213 7 
7 4 5 5 5 7 
7 165 5 95 6 109 
73 5 135 5 153 7 
49 5 278 5 400 7 
98 5 13 107 5 44 
6 4 4 5 9 7 
7 163 5 52 147 7 
7 44 5 173 6 59 
7 5 5 166 271 7 
51 5 90 5 65 24 
6 4 5 5 5 7 
7 4 5 5 133 7 
7 62 5 160 5 50 
13 79 4 5 5 7 
7 4 4 5 5 7 
6 4 5 5 92 7 
79 5 190 5 209 9 
7 125 5 102 6 47 
7 4 5 5 5 7 
25 5 200 5 229 8 
63 5 187 5 106 16 
46 5 125 15 5 38 
7 42 5 124 61 11 
6 5 5 5 5 7 
50 5 102 5 200 7 
6 168 11 99 5 10 
7 4 6 5 153 7 
66 5 158 17 5 49 
54 5 166 5 300 7 
6 4 137 5 189 7 
6 5 4 5 5 7 
76 5 185 5 119 7 
71 5 14 48 5 45 
6 4 5 5 120 7 
20 5 210 5 280 7 
6 4 5 5 5 7 
70 5 171 5 492 7 
6 84 5 59 12 27 
7 4 5 5 5 7 
7 118 5 107 5 42 
7 79 5 139 5 34 
70 5 175 5 164 8 
8 4 4 5 5 7 
50 5 268 5 73 11 
9 75 5 91 5 24 
7 226 86 209 218 7 
78 4 5 79 5 27 
6 4 5 5 5 7 
7 160 5 106 60 25 
7 4 5 5 5 7 
7 4 4 5 5 12 
7 4 5 5 5 7 
67 5 99 5 5 7 
7 125 6 73 10 54 
7 5 94 5 117 7 
7 132 5 44 5 14 
54 5 169 5 194 7 
43 4 72 5 5 7 
23 6 5 5 175 7 
43 5 317 5 101 42 
7 141 8 198 6 32 
7 5 106 5 84 7 
7 110 5 112 94 11 
7 145 5 123 9 43 
7 262 72 542 174 7 
7 5 198 5 230 7 
9 103 5 5 5 7 
53 5 171 5 56 22 
84 5 88 5 82 7 
7 5 133 6 148 7 
68 4 27 28 5 46 
28 5 121 5 118 7 
6 5 5 5 5 8 
144 5 166 5 5 7 
7 4 5 5 5 7 
59 5 212 5 116 7 
7 226 5 5 5 7 
7 167 38 70 206 7 
51 5 57 5 5 7 
7 129 110 22 162 7 
6 4 5 5 5 7 
17 5 137 5 116 7 
7 50 5 147 6 51 
6 4 4 5 5 7 
7 4 5 5 5 7 
45 5 188 8 62 8 
67 5 6 112 5 39 
7 5 5 5 171 7 
7 4 5 5 5 7 
78 5 177 5 130 7 
8 175 5 120 5 33 
7 4 5 5 6 7 
7 96 5 89 5 32 
65 5 138 5 145 7 
7 118 163 8 149 7 
7 5 5 5 151 7 
6 4 5 5 5 7 
186 4 5 6 24 45 
104 5 61 5 5 7 
6 4 5 5 5 7 
6 4 4 5 5 33 
35 5 207 5 7 40 
6 4 5 5 5 7 
6 4 5 5 5 7 
73 5 342 5 273 7 
7 154 5 112 5 13 
7 5 189 5 195 7 
7 145 138 59 287 7 
7 142 5 145 5 48 
7 4 5 5 95 7 
79 4 5 5 5 7 
6 4 5 5 5 7 
65 5 229 5 190 7 
86 5 31 80 5 30 
7 190 276 5 122 7 
80 5 197 5 189 7 
7 4 5 5 5 7 
7 4 5 5 5 7 
56 5 100 19 5 35 
75 5 178 24 217 7 
7 249 5 118 10 32 
7 16 5 200 5 89 
7 123 5 132 5 54 
61 5 111 5 164 7 
6 4 4 5 5 7 
26 5 217 5 205 7 
60 5 171 5 154 7 
7 5 139 5 344 7 
33 5 218 5 5 53 
6 4 4 5 5 7 
7 4 5 5 60 7 
7 73 5 62 5 22 
15 4 4 5 5 7 
51 5 5 171 5 30 
6 128 5 166 5 33 
6 4 4 5 5 7 
6 4 5 32 5 32 
147 8 5 5 5 84 
7 133 5 26 5 7 
7 4 9 6 5 7 
95 5 9 5 5 7 
81 5 119 46 9 58 
53 4 5 5 5 7 
7 5 5 107 5 27 
7 122 5 163 5 39 
7 5 74 5 168 7 
49 5 97 5 5 7 
7 358 5 114 5 38 
7 5 5 5 96 7 
164 26 152 64 196 7 
68 5 106 5 133 7 
7 5 225 5 364 7 
8 4 51 17 10 42 
38 5 225 5 186 7 
95 5 78 57 5 52 
18 158 5 76 5 18 
71 5 201 5 40 23 
7 142 5 92 174 12 
7 4 5 5 5 7 
70 5 81 8 5 8 
40 5 163 5 110 7 
7 120 5 102 106 7 
6 4 6 5 5 7 
7 400 5 112 5 7 
7 5 86 5 218 7 
7 4 5 6 5 7 
7 10 5 5 476 9 
6 4 19 5 5 7 
93 5 188 5 124 7 
7 221 5 253 5 59 
7 5 4 5 5 7 
7 4 4 5 5 7 
7 4 5 5 5 7 
37 5 230 5 19 7 
6 4 4 5 5 7 
7 5 21 5 162 7 
73 5 180 5 6 33 
7 4 5 5 5 7 
6 4 5 5 5 7 
8 5 4 5 5 7 
47 5 90 5 131 7 
6 7 5 5 5 7 
6 4 5 5 5 7 
7 5 33 5 102 7 
80 5 178 23 5 7 
6 4 5 5 5 7 
43 5 155 5 81 22 
6 4 5 5 5 7 
7 78 5 156 30 30 
7 5 5 5 188 7 
102 5 83 93 5 45 
91 5 99 5 22 7 
83 5 203 5 167 7 
7 26 5 129 101 27 
7 5 123 5 176 7 
119 5 6 155 6 55 
6 4 5 5 105 7 
7 4 5 5 5 7 
7 147 90 30 210 8 
6 7 4 5 5 7 
62 5 99 5 193 7 
20 5 240 6 185 7 
7 214 50 78 223 7 
7 5 5 25 5 24 
6 4 4 5 5 7 
6 4 5 5 5 7 
54 5 120 22 5 68 
14 5 268 5 231 15 
79 5 127 5 5 7 
30 5 101 5 65 7 
15 5 132 5 154 7 
7 4 5 7 5 7 
134 5 276 5 5 7 
7 129 5 170 5 35 
76 5 136 31 7 42 
7 5 196 5 193 7 
7 4 5 5 5 7 
28 5 215 5 168 7 
7 80 5 130 5 43 
7 4 5 5 5 7 
66 5 13 64 5 33 
77 5 219 5 256 7 
6 4 4 5 6 7 
7 212 137 61 299 7 
7 334 5 178 5 68 
66 5 54 5 54 7 
85 5 213 5 198 7 
6 4 4 5 5 36 
7 95 37 65 174 7 
32 4 5 5 187 8 
76 5 99 5 59 19 
7 139 5 84 94 16 
7 11 5 121 25 33 
6 4 4 5 5 8 
11 5 60 5 234 7 
7 5 212 5 114 11 
23 142 177 5 152 7 
71 5 637 19 12 26 
7 5 51 5 112 7 
6 4 5 9 5 7 
7 83 5 95 6 46 
6 4 4 5 5 7 
7 156 5 127 5 12 
110 5 295 5 6 7 
7 5 5 86 9 57 
36 5 227 5 144 7 
49 5 149 5 125 7 
18 5 78 5 99 7 
7 165 5 115 184 7 
6 67 5 26 5 7 
56 5 226 5 187 6 
31 77 7 5 5 7 
6 4 4 5 6 25 
7 5 5 5 5 7 
22 5 231 8 91 7 
59 5 203 5 142 7 
50 5 184 11 13 28 
86 5 8 129 5 48 
6 4 5 5 5 7 
8 4 4 5 5 7 
7 135 68 21 174 7 
61 5 666 5 32 7 
7 41 5 103 6 42 
7 177 37 74 205 7 
7 5 98 5 79 7 
50 5 5 5 5 7 
65 5 125 5 30 7 
7 136 5 116 111 7 
7 102 5 151 6 51 
25 5 117 5 113 7 
61 4 179 5 5 7 
6 4 4 5 5 7 
6 4 4 5 5 7 
7 5 49 5 193 7 
7 153 5 82 5 7 
102 5 179 5 5 7 
6 134 5 157 7 24 
7 73 5 82 5 23 
21 53 108 5 52 7 
24 94 5 20 5 7 
7 84 5 156 111 13 
6 4 5 5 5 7 
7 65 137 108 177 7 
9 32 5 24 5 7 
45 75 201 5 82 7 
7 154 5 87 48 23 
6 32 5 114 122 19 
60 5 4 5 5 7 
6 4 5 5 5 7 
7 5 206 5 111 7 
24 4 4 5 5 7 
6 4 5 5 5 6 
54 5 195 5 5 6 
7 45 5 166 5 29 
7 4 5 5 6 7 
7 192 88 5 213 7 
78 5 191 5 161 7 
41 12 156 5 173 7 
57 5 140 5 136 7 
7 133 72 70 168 7 
11 4 5 5 5 7 
7 5 5 86 5 56 
22 5 5 5 5 7 
7 224 5 159 6 54 
67 5 255 5 435 7 
6 4 5 5 6 7 
6 4 6 5 5 7 
68 5 201 5 185 7 
72 5 172 5 231 14 
7 5 65 5 190 7 
6 4 4 5 5 7 
7 128 5 96 6 47 
7 4 5 5 5 7 
7 5 5 21 5 39 
6 4 4 5 5 7 
7 76 5 116 6 44 
6 4 5 5 5 6 
7 263 89 6 175 7 
6 4 4 5 5 8 
7 45 5 39 5 7 
6 24 4 5 5 7 
7 89 5 141 6 53 
7 132 756 60 455 13 
10 5 173 5 417 7 
7 5 145 5 128 7 
7 17 13 284 226 10 
52 5 6 5 5 17 
71 5 182 5 230 7 
7 250 5 179 6 60 
6 4 4 5 5 7 
7 4 5 5 5 7 
7 4 4 5 5 7 
7 165 5 167 5 41 
6 5 78 5 202 7 
7 114 5 88 118 9 
6 4 7 5 5 7 
75 5 166 5 133 7 
46 5 246 5 201 7 
7 151 259 22 86 7 
7 22 5 85 17 37 
8 4 5 5 5 7 
7 133 5 70 185 9 
6 5 5 5 5 7 
7 4 5 5 194 7 
7 5 5 5 5 7 
7 142 5 120 198 8 
6 4 5 5 5 7 
71 5 198 5 203 7 
7 85 5 118 6 23 
7 4 5 79 5 39 
28 43 141 5 179 7 
81 5 81 5 5 7 
6 4 5 5 5 7 
58 5 135 5 184 7 
6 33 5 104 5 27 
6 5 5 5 5 7 
9 182 5 109 6 43 
7 4 5 5 5 7 
7 5 143 5 179 7 
7 94 5 93 10 46 
7 4 5 5 5 7 
7 4 7 5 5 7 
7 5 119 5 150 7 
6 4 26 5 5 7 
6 4 5 5 6 7 
7 89 5 88 90 17 
55 5 96 46 6 26 
7 116 5 96 6 28 
87 5 150 5 174 7 
64 5 338 5 244 7 
7 131 5 95 5 16 
7 53 5 5 5 7 
108 5 14 5 6 7 
7 4 4 5 5 7 
67 16 116 8 5 25 
7 148 29 82 186 7 
7 5 5 5 5 7 
7 139 5 83 6 77 
7 5 306 5 5 130 
6 4 4 5 5 7 
6 4 4 5 5 7 
7 214 5 144 6 20 
27 72 131 5 73 9 
6 196 5 134 9 51 
89 5 250 5 6 7 
6 4 5 5 5 7 
62 24 201 5 6 7 
7 36 5 96 101 17 
7 5 5 125 5 40 
7 5 64 5 121 7 
7 115 5 136 5 19 
52 5 162 5 131 7 
48 5 169 5 113 7 
7 127 5 79 6 33 
44 26 283 5 131 7 
6 5 4 5 5 7 
7 4 4 5 5 7 
7 167 41 125 223 7 
91 5 193 5 278 10 
7 5 5 5 5 7 
46 4 4 23 5 7 
7 143 5 179 6 40 
7 68 5 5 5 7 
34 5 5 5 5 7 
7 5 5 69 77 19 
79 5 171 5 142 7 
6 4 4 5 14 7 
52 5 155 5 96 7 
7 263 9 185 12 36 
7 5 5 39 8 46 
6 4 33 5 151 7 
83 5 224 5 204 7 
7 76 5 5 5 7 
78 5 228 5 175 7 
7 5 5 123 13 57 
6 4 4 5 6 7 
7 84 5 86 5 36 
7 4 5 5 6 7 
22 131 5 103 6 39 
6 4 4 5 5 7 
53 5 92 5 5 5 
7 204 209 5 84 7 
7 4 5 5 99 7 
75 5 55 28 6 59 
67 5 142 5 156 7 
28 5 178 5 148 7 
6 107 5 107 10 22 
6 4 4 5 5 7 
8 114 5 172 6 51 
7 4 5 5 5 7 
7 82 172 18 190 7 
11 24 5 5 5 7 
7 5 5 5 5 7 
7 5 969 5 301 7 
7 4 5 5 6 7 
82 5 19 58 7 46 
6 121 5 98 5 30 
7 4 5 5 5 7 
7 110 5 5 5 7 
7 84 64 74 169 7 
7 164 5 86 106 16 
6 4 4 5 5 7 
64 4 162 10 5 46 
7 134 5 121 29 33 
7 4 5 5 5 7 
72 5 166 5 257 7 
39 37 5 120 5 53 
17 5 143 5 160 7 
7 332 5 150 6 45 
19 121 11 50 5 27 
6 4 4 5 5 7 
66 5 322 10 31 63 
6 4 5 5 126 7 
6 4 5 69 5 54 
7 139 5 147 6 66 
82 5 184 5 198 7 
54 5 384 5 180 7 
7 5 69 5 342 7 
55 5 94 20 5 36 
74 5 107 5 223 7 
90 4 112 5 5 7 
6 4 5 5 126 7 
7 132 83 51 227 7 
31 41 200 5 138 7 
53 5 89 5 5 58 
7 4 5 6 104 7 
7 14 4 5 5 20 
7 524 5 83 9 7 
6 5 5 5 5 6 
6 4 4 5 5 7 
24 4 146 5 166 7 
7 4 5 5 5 7 
7 4 4 5 5 7 
7 5 5 5 5 7 
41 5 79 13 5 35 
7 5 5 5 6 7 
52 4 148 5 143 7 
7 140 5 5 5 7 
6 4 4 5 5 7 
6 4 5 5 5 7 
6 4 5 5 6 7 
7 4 5 5 5 8 
7 214 5 125 6 62 
6 4 4 5 5 7 
7 4 4 5 5 7 
75 5 158 7 282 8 
7 4 5 5 5 7 
6 94 4 5 5 7 
72 5 91 5 5 7 
6 5 5 5 7 8 
7 81 5 128 6 36 
31 5 203 5 119 7 
7 5 142 5 221 7 
6 5 4 7 5 7 
7 40 49 27 180 7 
7 4 4 5 5 7 
65 4 5 13 6 7 
7 5 47 6 258 7 
7 78 5 113 103 12 
6 4 4 5 5 7 
45 63 5 110 5 12 
7 33 5 175 11 14 
7 126 53 64 181 7 
70 5 200 5 204 7 
6 4 4 5 5 7 
37 43 5 108 6 37 
6 4 4 5 5 7 
6 85 5 86 6 27 
71 5 5 5 5 7 
7 163 5 126 6 62 
7 5 463 5 6 7 
7 4 5 5 5 7 
55 5 262 5 205 7 
74 5 101 5 65 35 
6 4 5 5 5 7 
7 261 39 44 288 7 
7 4 5 5 5 47 
7 155 5 65 6 7 
7 150 5 107 6 39 
7 108 101 60 171 7 
65 5 5 5 5 7 
51 4 7 5 5 7 
7 158 123 26 253 7 
7 191 5 5 5 10 
8 5 185 5 59 22 
7 139 5 133 59 24 
52 5 5 5 5 7 
51 4 4 5 5 7 
7 217 85 36 160 8 
6 1122 31 1122 18 723 
49 5 28 5 6 7 
50 4 5 5 5 7 
7 81 52 61 201 7 
55 5 178 5 73 13 
63 5 233 5 245 7 
7 4 5 5 5 7 
18 5 306 6 85 30 
68 34 242 5 25 7 
6 9 5 5 8 7 
52 5 227 5 7 46 
7 159 178 5 154 7 
6 4 5 5 5 7 
7 153 5 159 6 52 
21 5 5 5 5 7 
7 4 5 5 117 7 
91 5 172 5 138 7 
6 4 4 5 5 7 
54 5 191 5 241 7 
7 4 5 5 5 7 
72 5 123 5 222 7 
7 4 5 5 5 7 
6 4 5 5 5 7 
7 5 210 5 337 7 
7 4 5 5 5 34 
27 5 112 5 73 7 
40 5 70 5 99 7 
96 5 167 5 208 7 
81 5 226 5 170 7 
6 4 4 4 5 7 
56 4 5 5 5 7 
83 5 161 5 115 31 
63 7 195 7 134 7 
99 7 223 7 303 7 
86 7 178 58 6 46 
7 175 7 115 139 6 
6 7 7 15 11 59 
7 270 35 7 530 7 
55 7 79 7 99 7 
7 126 126 7 242 7 
27 6 6 6 247 7 
7 6 7 7 7 7 
7 102 7 106 178 15 
22 6 42 7 667 18 
6 6 6 7 7 7 
34 7 126 35 11 38 
6 7 6 7 7 7 
7 175 6 98 6 90 
7 127 46 90 243 10 
55 7 247 7 251 7 
7 146 7 134 6 47 
59 7 199 7 95 7 
7 7 190 7 151 7 
7 6 7 7 7 7 
7 6 7 7 7 7 
7 7 179 7 139 7 
7 7 7 7 7 7 
7 170 78 139 423 11 
19 283 7 35 7 7 
59 7 7 46 7 39 
7 6 7 7 7 7 
7 143 46 38 114 7 
7 83 11 171 263 7 
6 6 7 7 7 7 
55 7 75 58 6 51 
51 6 7 7 7 7 
7 34 7 262 90 19 
7 6 7 7 7 7 
7 7 7 578 6 290 
7 283 294 6 31 7 
7 7 7 7 166 7 
7 7 6 7 7 7 
58 6 7 7 7 7 
54 7 142 7 167 7 
6 6 6 7 7 7 
10 6 63 7 650 10 
6 6 7 7 7 7 
7 79 7 190 163 38 
71 7 159 7 207 10 
7 150 67 122 179 7 
7 62 7 95 219 10 
7 7 7 7 6 7 
7 6 6 7 7 7 
7 74 34 107 203 7 
162 18 1122 7 282 11 
7 342 58 7 251 7 
7 22 7 178 6 107 
6 6 7 7 7 7 
47 15 143 7 27 7 
