3 3 3 3 3 6 
38 3 3 3 3 3 
3 3 3 3 3 3 
39 3 3 3 3 2 
3 3 3 3 3 2 
3 3 3 3 2 3 
3 39 3 3 3 2 
3 50 3 55 3 26 
3 3 3 3 3 2 
3 3 3 3 3 10 
3 3 3 3 3 2 
3 34 38 3 42 2 
6 67 3 55 3 34 
10 22 46 3 42 2 
15 3 3 3 3 2 
10 3 55 3 43 18 
3 3 3 3 3 2 
3 15 3 39 3 23 
2 39 3 18 3 23 
2 51 35 3 42 2 
2 34 3 67 3 23 
2 3 3 3 3 3 
3 42 3 42 3 22 
54 3 46 3 34 2 
15 18 47 3 15 2 
3 67 3 63 7 50 
38 3 30 3 14 10 
3 3 3 3 18 2 
3 46 3 14 19 2 
3 6 3 35 3 15 
43 3 2 31 3 22 
3 7 3 3 3 2 
11 11 3 18 3 19 
2 3 3 3 3 3 
3 3 3 3 3 2 
2 39 3 58 3 19 
35 3 38 3 22 6 
23 14 47 3 50 2 
3 3 3 3 3 3 
2 27 3 3 3 2 
19 6 59 3 39 2 
75 3 30 7 3 43 
3 3 3 3 3 2 
26 3 3 3 3 2 
43 3 14 55 3 38 
3 3 3 3 3 2 
3 3 3 3 3 2 
39 3 59 3 39 2 
54 3 75 3 3 27 
3 3 3 3 3 3 
3 67 34 7 47 2 
22 3 15 3 30 3 
3 31 3 31 3 23 
3 3 3 46 3 35 
3 11 3 114 34 22 
3 42 38 3 26 2 
66 3 6 3 3 2 
3 3 3 3 3 3 
3 3 11 3 10 3 
3 63 3 66 3 35 
2 3 3 3 3 3 
23 3 34 3 58 3 
3 18 3 46 71 2 
3 3 3 3 3 14 
3 3 3 3 3 2 
19 3 43 3 34 3 
3 3 43 3 83 34 
3 51 3 30 3 30 
3 3 3 3 2 2 
438 15 51 30 15 11 
10 7 3 2 39 3 
38 3 71 3 51 2 
46 3 51 3 3 2 
3 3 3 3 3 2 
31 3 43 3 3 2 
27 3 50 3 38 2 
3 3 3 3 3 2 
2 55 3 46 3 31 
55 3 55 3 46 2 
3 27 3 58 23 2 
14 3 27 3 2 2 
15 3 3 3 3 2 
3 3 3 3 3 2 
34 3 51 19 3 38 
3 3 3 3 3 2 
3 3 3 26 3 22 
31 3 3 3 3 2 
3 3 3 3 3 6 
3 63 3 46 3 26 
23 3 3 3 3 2 
3 63 3 11 3 2 
39 3 54 3 43 2 
3 3 3 18 3 15 
3 50 3 51 3 30 
3 3 3 3 3 2 
50 331 98 15 6 3 
2 3 3 3 3 2 
3 18 3 34 22 15 
3 3 3 3 3 2 
43 3 42 3 58 2 
2 43 3 18 3 14 
3 71 3 50 31 2 
7 66 51 3 42 2 
3 3 3 35 3 19 
26 3 3 3 3 2 
31 3 51 3 67 2 
54 3 95 3 63 2 
3 3 3 3 3 3 
30 31 2 90 3 22 
3 3 3 3 3 3 
3 54 7 3 38 2 
67 15 6 27 3 11 
47 3 19 3 3 2 
3 131 3 14 3 2 
3 78 35 87 27 2 
3 23 3 3 3 3 
55 3 23 26 3 27 
3 3 3 3 3 3 
18 3 27 3 3 2 
3 3 3 3 3 2 
3 70 3 27 3 2 
43 3 54 3 42 3 
3 27 3 63 30 7 
3 3 23 3 58 2 
3 3 3 3 3 3 
39 3 23 3 3 2 
3 3 3 3 3 2 
15 23 50 3 51 2 
7 23 3 42 3 23 
3 3 39 3 54 3 
3 3 3 3 19 2 
3 3 3 3 3 2 
3 3 3 3 3 2 
31 3 35 3 46 2 
3 3 3 3 3 2 
3 3 3 3 3 2 
2 3 3 3 3 34 
3 3 34 3 38 2 
42 3 58 3 31 2 
3 10 3 3 3 2 
3 3 3 30 3 23 
2 3 3 11 3 46 
2 3 3 2 3 30 
2 55 3 66 3 3 
3 3 3 3 3 2 
90 3 71 3 39 2 
3 3 3 3 3 3 
2 3 3 3 3 2 
3 3 3 3 3 3 
26 3 67 3 3 47 
23 3 3 42 3 34 
3 3 3 3 3 2 
35 3 35 3 3 22 
3 3 3 3 3 2 
3 3 3 3 3 3 
30 3 3 3 3 2 
3 59 3 22 3 2 
3 62 3 3 3 2 
2 43 3 42 3 19 
30 3 6 3 3 2 
26 3 26 3 34 2 
2 3 3 3 50 3 
2 3 3 3 3 3 
3 30 3 63 3 7 
3 3 3 3 3 2 
34 3 34 3 3 2 
54 3 15 3 2 6 
3 3 3 7 3 14 
3 3 3 3 3 2 
3 58 19 35 42 2 
3 3 3 3 3 3 
2 7 3 35 3 22 
3 3 3 3 3 2 
3 3 3 3 3 2 
3 3 3 3 3 3 
3 2 3 79 67 6 
38 3 39 3 54 2 
3 3 10 3 27 3 
3 67 3 75 3 3 
3 47 3 82 3 39 
6 3 3 3 3 6 
3 3 3 3 3 2 
2 43 3 59 3 30 
3 3 19 3 34 2 
51 3 39 3 47 2 
3 3 3 3 3 2 
2 126 3 54 3 23 
99 43 3 3 3 7 
3 3 3 3 3 2 
3 23 3 42 3 23 
3 3 31 3 74 2 
3 3 3 6 3 27 
3 11 3 10 3 2 
3 3 3 22 3 62 
31 3 3 3 3 2 
2 3 3 3 3 3 
3 3 3 3 3 2 
62 3 50 3 3 2 
31 3 34 3 38 2 
2 3 3 3 3 3 
3 3 3 3 3 3 
3 43 3 83 3 30 
18 3 22 3 19 2 
3 3 3 3 3 2 
3 3 3 3 3 2 
3 10 3 42 3 26 
46 3 58 3 30 2 
3 3 3 3 7 2 
2 62 3 47 3 47 
3 3 3 3 3 2 
35 3 34 3 3 2 
3 3 3 3 3 2 
3 3 3 3 3 2 
3 83 7 87 19 7 
3 3 3 3 3 22 
6 6 71 3 23 2 
86 3 47 3 26 2 
2 3 3 3 3 3 
3 34 3 34 6 19 
2 3 11 3 31 3 
3 14 3 23 2 15 
55 3 46 3 26 2 
3 62 3 34 3 3 
3 3 3 3 3 3 
3 3 3 3 3 2 
3 3 23 3 350 7 
2 3 3 3 3 2 
43 3 3 31 3 15 
3 47 3 31 3 10 
3 3 3 3 3 3 
2 54 3 50 2 30 
3 3 66 3 6 15 
3 22 3 3 83 2 
119 22 39 3 3 7 
2 66 3 43 3 6 
3 3 3 3 3 2 
2 3 3 3 3 3 
3 39 3 38 3 11 
2 31 3 43 7 10 
63 3 31 15 3 23 
3 6 3 46 47 7 
3 30 7 71 10 22 
3 18 3 10 22 2 
2 6 3 39 3 31 
3 3 3 3 3 3 
3 3 3 3 3 2 
3 3 3 3 3 3 
70 3 54 3 10 7 
19 3 3 3 3 3 
3 23 18 39 38 2 
3 3 3 3 3 2 
51 3 67 3 162 2 
2 3 11 3 22 2 
3 23 3 3 3 2 
51 3 22 30 3 35 
38 3 46 3 3 19 
3 3 3 3 3 2 
3 3 3 3 3 3 
27 11 3 43 3 26 
3 3 7 3 35 2 
3 18 3 38 55 6 
3 3 3 3 3 3 
3 3 3 3 3 2 
11 39 3 83 2 42 
6 3 6 3 3 2 
3 3 3 6 3 26 
26 3 42 3 6 19 
43 3 22 3 35 2 
35 3 18 3 3 2 
3 3 3 3 3 2 
39 3 54 3 27 3 
42 3 3 3 3 2 
75 3 3 46 3 35 
27 3 50 3 7 26 
3 79 54 3 11 2 
3 3 3 3 3 2 
3 47 3 27 3 10 
3 39 3 42 3 18 
3 3 3 3 3 2 
3 19 3 51 22 6 
3 63 3 31 3 27 
3 39 3 66 3 6 
3 6 3 50 10 35 
3 3 23 3 22 7 
3 3 3 3 3 2 
66 3 6 15 3 23 
30 7 70 3 11 2 
2 7 6 7 3 2 
3 51 3 58 3 19 
3 3 3 3 3 2 
35 3 31 3 3 14 
3 3 3 47 3 26 
7 3 3 3 3 2 
3 34 3 55 3 30 
23 3 46 3 55 2 
34 3 7 3 3 7 
34 3 47 3 34 2 
3 3 3 3 3 3 
3 3 3 3 3 2 
3 43 3 51 38 3 
3 3 3 3 3 2 
2 18 3 46 3 38 
3 3 3 3 3 2 
58 3 71 11 23 6 
75 3 90 3 6 2 
3 3 90 3 7 2 
3 3 71 3 10 14 
19 27 3 46 3 23 
62 3 3 27 2 14 
6 3 3 3 3 2 
2 3 3 3 3 3 
15 3 39 3 14 22 
7 23 3 27 3 34 
3 3 3 3 3 2 
14 3 38 6 3 27 
3 3 3 3 3 2 
34 3 70 3 3 2 
3 27 3 39 3 22 
3 30 3 55 38 2 
3 3 3 3 14 3 
2 3 3 3 3 3 
3 3 3 3 3 2 
3 3 3 3 3 2 
3 15 3 3 3 2 
2 86 27 23 51 3 
2 42 3 34 3 23 
2 3 3 3 3 23 
3 3 51 3 22 2 
3 3 3 3 2 6 
39 3 3 3 3 2 
3 35 3 58 3 34 
3 3 3 3 3 2 
2 47 3 3 3 6 
2 3 3 3 3 2 
3 3 3 3 3 2 
3 3 3 3 3 2 
3 3 3 10 3 10 
2 3 3 3 3 3 
22 3 54 3 11 18 
3 78 3 94 43 2 
3 19 3 51 18 10 
3 50 3 70 51 10 
27 3 43 3 26 3 
3 3 3 3 3 2 
3 46 39 10 30 2 
3 3 3 3 3 3 
47 3 38 11 3 62 
3 35 14 3 74 2 
23 19 3 50 3 7 
30 3 34 3 35 2 
3 46 3 66 39 7 
59 3 3 3 3 2 
3 3 3 3 3 3 
55 18 3 31 3 18 
34 7 6 27 2 26 
2 3 3 3 3 2 
38 3 22 3 3 2 
39 2 51 3 38 2 
3 30 3 3 3 2 
6 3 62 3 74 2 
34 3 34 3 3 2 
3 51 3 50 3 31 
79 3 22 3 3 2 
3 3 3 3 3 3 
3 39 3 3 3 2 
10 3 3 3 3 2 
27 6 3 39 3 23 
3 3 3 3 3 2 
23 3 58 3 10 14 
3 46 3 50 3 31 
3 3 3 3 3 2 
26 3 3 3 3 2 
11 3 3 3 3 2 
3 3 3 3 3 2 
3 3 3 3 34 2 
3 3 23 3 39 2 
3 3 6 3 51 2 
3 3 3 3 3 2 
3 3 3 3 3 2 
3 3 3 23 3 23 
39 3 3 38 3 6 
3 3 3 3 3 2 
3 38 3 39 30 2 
3 70 3 58 3 7 
3 3 3 3 3 2 
3 3 7 3 27 2 
3 3 3 3 3 2 
2 3 3 3 3 2 
3 35 3 19 3 18 
2 30 3 39 3 43 
3 3 39 3 38 6 
3 95 3 51 3 10 
18 3 59 3 39 2 
3 7 3 3 3 2 
3 3 3 3 3 2 
42 3 46 3 62 2 
3 3 3 3 3 3 
11 3 38 3 42 2 
42 3 3 42 3 34 
3 3 3 3 3 2 
3 3 3 3 3 2 
2 3 3 3 3 2 
2 3 3 3 3 3 
3 3 3 3 3 2 
3 3 7 3 27 3 
3 31 43 3 22 2 
3 51 3 39 3 15 
2 127 3 99 2 15 
46 3 59 3 46 2 
3 3 3 3 3 2 
3 3 3 3 3 2 
3 3 6 6 3 27 
3 7 3 3 3 3 
3 3 3 3 3 3 
47 3 50 3 27 2 
2 3 3 3 3 3 
50 3 34 3 27 2 
3 3 3 3 3 2 
3 3 3 3 26 2 
6 39 30 3 15 2 
3 10 3 22 3 14 
3 58 18 31 70 3 
95 2 46 3 10 2 
3 3 3 55 39 2 
3 3 3 3 3 6 
3 74 6 3 158 2 
30 3 63 3 26 2 
22 26 46 3 7 2 
3 3 3 3 3 2 
3 95 3 43 3 30 
2 18 18 6 18 3 
42 3 46 3 34 3 
11 3 58 3 43 2 
3 3 3 26 3 27 
3 62 3 42 3 31 
3 3 3 31 3 11 
30 3 3 3 3 2 
2 3 3 3 3 3 
3 70 3 39 30 2 
42 3 98 3 139 6 
2 3 3 3 3 2 
7 3 58 3 27 2 
3 47 3 46 3 19 
2 31 3 23 3 18 
14 30 43 3 26 2 
3 3 3 3 3 2 
3 3 3 3 3 2 
2 50 3 39 3 31 
6 3 3 3 3 2 
3 3 3 3 3 2 
3 3 3 75 47 2 
42 3 43 6 3 34 
3 3 3 3 3 2 
39 3 22 3 18 2 
3 35 3 70 3 30 
46 3 19 23 3 30 
2 3 23 3 10 14 
3 3 3 3 3 3 
66 3 31 3 66 2 
39 3 3 3 3 2 
43 3 90 3 50 26 
3 3 3 3 3 2 
6 15 3 3 7 6 
3 3 3 3 3 2 
3 3 3 3 3 2 
2 67 3 6 3 3 
3 62 3 66 27 15 
3 3 3 11 3 31 
3 3 3 3 3 2 
2 3 3 3 3 15 
3 3 3 3 3 2 
3 3 3 3 3 2 
3 27 3 31 3 2 
3 3 3 3 3 2 
27 3 39 3 27 2 
2 3 30 3 35 2 
55 3 54 3 46 2 
50 3 27 19 14 23 
70 3 79 3 11 2 
42 3 18 3 3 2 
3 3 3 3 3 2 
31 3 18 3 46 2 
39 3 30 14 3 35 
47 3 39 3 30 2 
2 31 3 54 3 31 
38 3 51 3 18 2 
3 35 3 54 3 7 
27 3 3 3 3 2 
3 3 3 3 3 2 
3 47 3 35 3 14 
3 63 3 43 3 22 
3 3 3 51 3 10 
3 3 3 51 3 15 
3 3 3 3 3 2 
7 38 79 3 47 2 
3 3 3 3 3 2 
3 19 3 3 3 2 
3 3 3 3 3 2 
11 23 35 3 14 2 
3 46 42 7 34 2 
2 3 3 3 3 3 
3 3 3 3 2 2 
3 14 3 3 3 2 
3 3 3 3 3 2 
14 3 18 3 18 2 
3 3 3 3 3 2 
3 18 3 27 14 3 
3 70 3 51 3 30 
7 23 94 3 67 2 
3 3 14 3 34 3 
15 3 35 3 6 27 
50 3 14 3 3 2 
3 6 3 3 3 2 
30 3 71 23 3 27 
22 3 55 3 50 2 
3 38 3 59 3 18 
2 47 35 15 15 3 
3 3 3 3 3 2 
2 3 3 3 2 2 
3 15 3 3 3 2 
55 3 42 3 34 2 
71 3 15 14 3 35 
3 34 3 43 3 27 
46 3 7 50 3 22 
3 42 3 43 3 22 
3 43 3 38 3 19 
3 14 3 3 3 2 
19 3 3 55 3 15 
26 3 6 23 3 22 
3 3 3 3 3 2 
3 34 3 63 35 2 
3 19 3 3 3 2 
31 3 39 3 14 2 
3 47 11 22 55 2 
3 83 3 59 3 2 
3 55 3 59 3 7 
2 98 3 3 3 3 
3 31 3 34 3 14 
2 3 3 3 3 3 
67 3 54 3 3 2 
3 3 3 3 3 2 
2 15 3 38 3 18 
3 3 3 3 3 3 
42 3 23 3 3 3 
2 3 3 3 3 3 
3 79 54 15 39 2 
30 3 43 3 3 3 
3 79 10 31 34 2 
3 3 3 3 3 2 
3 3 3 3 3 2 
38 3 43 3 43 2 
39 3 54 3 3 3 
3 3 3 3 2 58 
3 34 3 31 3 2 
15 3 34 3 26 2 
3 3 3 3 3 2 
2 3 3 3 3 3 
6 67 3 63 3 43 
54 3 34 3 43 2 
3 3 3 3 3 2 
2 50 18 166 31 6 
54 3 15 11 3 22 
3 59 3 42 3 6 
3 3 3 3 3 2 
59 3 43 3 38 2 
3 51 3 43 3 38 
3 3 142 3 3 2 
3 3 3 3 3 2 
3 39 3 27 51 2 
26 3 30 3 38 2 
3 3 3 3 3 2 
62 3 39 3 43 2 
51 3 3 3 3 2 
38 3 42 3 38 2 
2 46 3 55 3 19 
3 3 3 3 3 2 
3 3 3 86 3 38 
27 3 3 3 3 14 
42 3 18 3 3 2 
3 3 3 3 3 6 
50 3 3 67 3 27 
3 19 3 3 3 2 
3 23 3 19 27 7 
19 3 47 3 55 3 
34 3 3 15 3 3 
27 3 31 3 54 3 
47 3 59 3 47 3 
43 3 55 3 50 6 
3 3 3 3 3 2 
3 3 3 3 3 2 
3 3 3 3 3 2 
54 11 3 59 3 23 
3 3 3 3 3 14 
3 11 3 26 3 34 
58 3 39 3 3 2 
2 39 3 19 3 2 
30 3 42 3 34 2 
3 3 3 3 3 2 
2 63 3 54 3 19 
30 3 15 3 3 3 
3 3 3 2 3 42 
3 3 3 3 3 2 
3 3 3 3 3 2 
63 2 3 39 3 2 
3 3 3 3 3 2 
23 3 27 3 31 2 
138 3 3 3 3 2 
3 42 3 82 3 50 
2 3 3 3 2 3 
3 3 3 3 3 2 
3 43 18 3 23 2 
3 22 3 3 3 2 
3 3 3 18 3 35 
3 63 3 39 3 11 
42 3 3 3 3 2 
3 50 3 74 3 30 
3 50 3 39 43 3 
2 3 22 3 38 3 
3 3 3 3 35 2 
3 3 3 3 3 2 
3 31 3 35 6 19 
22 3 83 3 39 2 
3 3 3 3 3 2 
3 46 3 54 3 30 
2 3 3 3 3 2 
3 75 3 70 3 14 
3 3 3 3 19 2 
70 3 2 70 3 30 
3 3 3 3 3 2 
38 3 47 39 3 30 
3 3 3 3 3 2 
14 3 27 3 39 3 
38 3 38 3 43 2 
47 3 74 3 50 2 
43 3 39 3 3 3 
3 3 3 3 3 3 
19 3 42 3 58 3 
43 3 35 3 6 26 
3 3 3 3 3 2 
3 22 3 43 7 15 
3 31 3 43 3 31 
10 26 3 51 3 19 
3 34 3 3 3 6 
59 3 2 3 3 2 
3 3 3 3 3 2 
3 66 3 59 3 35 
3 3 3 78 3 30 
3 15 3 3 3 2 
3 51 3 43 51 2 
38 3 3 19 3 27 
3 3 3 3 3 2 
30 3 58 3 138 94 
3 3 10 3 35 2 
3 46 3 35 3 23 
2 55 3 31 3 27 
2 15 3 3 3 15 
27 3 19 7 3 22 
42 3 6 3 3 2 
15 3 34 3 59 2 
2 43 14 42 38 3 
27 3 3 3 6 2 
3 50 3 50 6 14 
50 6 3 43 3 19 
3 3 3 3 3 2 
3 47 6 38 39 3 
3 23 27 47 30 2 
3 3 3 3 3 2 
3 30 3 31 3 22 
2 3 3 3 6 3 
3 3 3 3 3 2 
3 11 3 3 3 2 
3 3 3 3 31 2 
18 3 3 23 3 15 
2 3 3 3 3 3 
3 3 3 3 3 2 
39 3 3 43 3 15 
2 15 3 51 22 14 
34 3 15 3 3 31 
30 3 31 3 26 2 
3 46 3 75 15 23 
3 22 3 67 10 15 
3 59 34 3 11 2 
3 3 30 3 51 2 
3 3 3 3 3 2 
2 3 3 135 3 66 
38 3 55 3 55 2 
3 3 31 3 3 2 
38 11 34 3 6 2 
3 3 3 3 3 18 
42 3 3 3 3 2 
3 3 3 3 3 2 
19 3 22 3 27 2 
3 78 3 63 6 15 
35 3 31 3 7 7 
3 19 3 38 3 38 
3 47 3 50 3 27 
3 3 3 3 3 3 
3 3 3 3 3 2 
31 15 3 114 3 38 
3 3 3 3 3 2 
2 3 3 3 3 3 
3 79 94 415 11 46 
22 3 7 3 3 10 
3 35 35 11 47 2 
3 3 3 3 3 3 
2 50 3 118 3 58 
82 3 30 3 3 2 
3 30 38 3 43 2 
3 35 3 42 3 38 
3 3 3 3 3 3 
46 3 15 3 3 18 
2 3 3 3 3 2 
38 3 3 59 3 18 
3 38 3 50 43 6 
3 3 3 3 3 2 
2 15 3 38 11 18 
34 3 26 35 3 19 
2 3 3 3 3 2 
3 3 31 3 38 2 
3 3 3 3 3 2 
2 3 3 3 3 3 
3 3 3 39 3 46 
55 3 35 3 6 2 
30 3 55 3 35 2 
3 3 3 3 3 2 
55 3 26 3 3 3 
2 3 3 3 3 2 
3 3 3 3 3 3 
6 3 3 3 3 10 
3 3 3 3 2 3 
3 3 3 7 3 2 
3 54 3 3 3 2 
3 3 3 3 3 2 
46 3 35 3 42 2 
3 3 3 11 3 26 
3 3 14 3 46 3 
43 3 43 3 50 2 
3 26 15 10 26 2 
3 54 10 10 35 2 
3 3 3 3 3 2 
2 78 3 50 3 10 
3 27 27 3 30 2 
7 230 34 71 10 22 
3 10 3 47 3 18 
3 63 3 50 3 23 
15 3 23 22 3 59 
3 3 3 23 3 34 
3 54 3 22 23 2 
26 3 3 34 3 26 
3 46 47 3 3 2 
3 51 23 26 43 3 
10 3 27 3 11 7 
3 46 3 54 3 19 
3 62 3 38 3 26 
2 3 3 43 3 19 
3 46 3 35 27 6 
63 3 3 30 3 22 
87 3 6 3 3 2 
6 3 54 3 43 2 
42 3 7 23 3 26 
3 3 3 3 3 2 
34 3 3 26 3 31 
2 46 3 55 3 31 
43 3 47 3 27 2 
3 3 3 3 3 3 
71 10 67 3 22 2 
3 3 3 15 3 31 
39 3 54 3 31 2 
3 3 3 3 3 3 
3 31 3 34 30 6 
3 3 3 3 3 3 
43 3 3 3 3 2 
34 3 42 3 26 6 
6 3 3 3 3 3 
3 3 3 3 3 2 
3 3 3 3 3 2 
3 3 3 3 3 10 
42 3 38 3 50 3 
3 3 3 3 3 3 
51 3 47 3 39 2 
3 3 15 3 3 2 
3 3 58 3 43 3 
23 3 66 3 2 30 
3 39 3 51 3 30 
2 3 3 3 3 2 
50 3 19 15 3 26 
3 3 3 3 3 2 
42 3 38 3 35 2 
3 3 3 3 3 3 
2 3 3 15 3 30 
3 11 3 3 3 2 
43 3 51 3 3 2 
3 3 3 3 3 2 
3 22 3 66 3 18 
3 3 3 3 30 3 
3 3 3 3 3 2 
3 3 3 3 3 3 
3 3 3 3 3 2 
2 35 15 3 3 2 
3 3 3 3 3 2 
23 3 26 3 34 2 
43 3 10 34 3 22 
2 3 3 3 3 3 
3 3 3 3 3 2 
2 3 3 55 3 39 
3 3 3 3 3 2 
15 3 3 3 3 2 
3 3 3 3 3 19 
23 3 11 3 3 2 
3 3 3 3 3 2 
10 3 3 3 3 2 
67 3 43 3 71 10 
62 3 6 23 3 34 
3 38 3 46 3 27 
34 3 54 3 11 2 
22 3 26 3 23 2 
3 3 3 3 3 3 
3 3 3 3 3 55 
42 3 50 3 3 2 
3 3 6 3 38 2 
50 3 39 3 39 2 
3 3 3 3 3 2 
3 3 3 3 3 2 
11 38 3 63 3 18 
3 54 10 67 55 3 
3 47 3 55 3 23 
3 78 30 15 23 2 
3 70 59 3 67 2 
2 3 31 3 70 3 
3 3 3 3 3 2 
3 3 3 3 3 2 
3 3 46 3 31 2 
3 3 3 3 3 2 
3 3 3 3 3 2 
3 3 3 230 3 42 
22 59 23 7 42 2 
3 110 86 3 19 3 
15 3 59 3 39 3 
10 3 66 3 38 2 
243 3 79 3 6 3 
3 3 3 3 3 2 
19 3 51 3 51 2 
10 3 43 7 43 3 
34 3 6 3 3 3 
3 46 3 54 3 34 
59 3 30 3 3 35 
71 3 35 11 3 39 
3 3 3 3 42 2 
23 3 3 38 3 22 
2 47 34 19 35 2 
3 3 3 23 3 6 
3 47 3 83 30 7 
3 3 3 3 3 2 
7 54 42 3 19 2 
3 62 3 58 35 7 
3 42 23 55 51 2 
6 3 67 3 27 2 
55 3 51 3 10 2 
3 47 3 38 3 34 
7 7 3 3 3 3 
10 19 3 3 3 2 
3 3 3 3 3 2 
2 46 3 38 3 31 
3 19 18 30 27 3 
63 3 79 3 67 2 
3 3 3 3 3 2 
3 3 3 3 3 2 
3 7 3 10 3 2 
3 3 3 3 3 2 
54 3 50 3 31 3 
3 3 27 3 6 3 
3 3 3 3 3 2 
3 34 3 63 2 26 
3 59 3 43 3 19 
2 35 3 66 3 39 
3 3 3 3 3 2 
2 38 3 90 3 35 
11 3 42 3 47 2 
3 3 23 3 34 2 
2 3 35 3 31 22 
3 22 3 47 3 22 
35 26 3 79 7 30 
3 3 3 3 3 27 
42 3 10 3 3 3 
46 3 39 3 42 3 
3 3 3 3 3 2 
3 54 6 43 3 30 
3 38 3 3 3 2 
3 3 3 3 3 2 
74 3 83 3 3 2 
3 31 3 31 31 2 
79 3 58 3 70 3 
3 30 3 3 3 2 
34 3 3 3 3 2 
3 3 3 3 3 2 
38 7 51 3 11 3 
18 3 3 18 3 15 
2 23 3 62 34 10 
2 26 3 10 3 6 
3 39 3 31 3 2 
3 43 2 59 51 2 
2 3 3 3 3 2 
3 35 3 62 30 2 
3 3 3 3 3 2 
3 11 3 50 22 7 
38 3 7 38 3 23 
7 3 46 3 35 3 
3 3 3 3 3 2 
51 3 90 3 11 6 
7 3 6 3 11 2 
3 26 3 46 31 6 
3 66 26 11 50 3 
3 11 15 3 35 2 
2 3 3 3 3 2 
31 2 27 3 46 2 
3 35 3 30 3 22 
51 3 74 3 50 3 
3 3 43 3 43 2 
46 3 66 3 67 3 
3 3 3 3 3 2 
3 3 38 3 18 2 
6 22 82 3 46 3 
27 3 54 3 54 2 
3 3 3 23 3 23 
47 3 39 3 30 2 
2 39 58 3 31 3 
3 55 3 46 3 14 
2 3 3 3 3 3 
3 3 3 3 3 2 
35 3 3 59 3 2 
2 3 3 3 3 2 
3 3 3 3 3 2 
26 3 47 3 7 2 
51 3 67 3 6 18 
22 3 58 3 34 2 
38 3 23 11 3 35 
3 3 3 3 3 2 
3 3 63 3 42 3 
3 3 3 3 3 3 
7 3 30 3 18 15 
3 74 7 58 47 2 
3 3 3 3 3 2 
3 3 3 3 3 2 
3 3 3 3 3 2 
3 23 3 11 3 14 
11 22 47 3 50 3 
2 3 3 3 3 3 
3 27 3 51 3 34 
3 3 3 3 3 2 
3 3 3 3 3 15 
3 3 3 111 3 30 
3 38 3 15 3 2 
3 34 3 58 11 15 
46 3 78 2 3 34 
3 54 31 10 55 2 
75 3 38 3 30 2 
3 3 3 3 2 3 
3 27 3 42 38 2 
15 7 38 3 47 2 
3 87 2 54 3 27 
31 3 7 3 3 2 
71 3 51 3 10 2 
3 55 26 23 54 2 
3 31 3 55 3 31 
3 3 39 3 46 2 
3 43 22 3 47 2 
2 3 3 3 2 2 
3 3 3 3 3 2 
15 3 63 3 47 2 
11 3 34 3 59 2 
47 3 11 3 3 2 
3 3 6 3 47 2 
3 3 3 3 11 3 
43 3 43 3 6 2 
3 42 3 46 3 23 
2 63 3 79 3 14 
27 3 63 3 55 2 
3 23 14 3 18 3 
43 3 71 3 7 3 
3 3 3 3 3 2 
7 3 3 3 3 2 
3 22 3 35 2 27 
3 3 11 3 35 3 
3 54 3 6 3 2 
62 3 50 3 23 2 
3 3 3 3 3 2 
3 3 3 3 3 2 
23 3 3 23 3 34 
3 51 3 19 3 2 
3 46 3 3 3 3 
6 3 34 3 50 2 
3 3 3 3 3 3 
3 50 3 19 3 27 
3 3 3 3 3 2 
3 3 3 3 3 2 
3 3 47 3 11 11 
3 3 3 3 3 2 
30 3 55 3 63 2 
3 3 3 3 3 3 
2 3 3 3 3 3 
3 3 3 3 3 2 
3 3 3 3 3 2 
3 3 3 3 3 2 
3 39 3 47 2 38 
42 3 34 15 3 30 
194 30 3 3 3 3 
3 3 3 3 3 2 
3 3 3 46 3 26 
3 3 3 3 3 2 
2 3 55 3 34 2 
3 3 3 3 3 2 
3 35 3 70 3 19 
3 54 3 39 3 23 
3 3 3 3 7 2 
43 3 18 14 3 23 
3 35 3 3 3 2 
18 3 11 3 3 2 
3 18 3 31 31 7 
3 3 3 3 3 2 
3 3 3 3 3 2 
38 3 43 3 43 2 
6 58 59 3 11 3 
3 6 3 62 26 27 
3 3 3 3 3 3 
43 3 35 3 6 3 
3 3 3 27 3 27 
58 3 10 30 3 27 
43 3 3 19 3 18 
38 3 3 3 3 2 
2 3 6 3 3 3 
35 3 38 3 3 22 
2 3 26 3 22 3 
3 3 3 3 3 2 
3 3 3 3 79 2 
3 3 3 3 3 3 
3 43 3 10 3 2 
3 3 3 3 3 2 
66 3 30 6 3 11 
3 3 3 3 3 2 
3 3 3 3 15 2 
3 3 3 3 3 7 
19 26 38 3 18 2 
3 3 35 3 3 2 
31 3 35 3 11 2 
31 3 10 3 3 3 
2 66 3 18 3 2 
3 3 3 3 3 2 
35 3 62 3 3 2 
3 38 30 7 31 2 
3 30 3 71 3 3 
3 55 3 3 3 2 
3 10 3 3 3 2 
2 3 3 3 3 3 
3 26 3 55 50 2 
3 3 3 3 15 2 
6 546 3 70 2 2 
23 3 3 3 3 2 
3 3 3 3 3 2 
3 34 3 23 3 14 
2 3 3 3 3 2 
51 3 50 3 3 22 
46 3 39 3 6 2 
54 3 7 3 3 2 
3 3 3 3 3 2 
3 3 3 3 30 2 
3 3 3 3 3 2 
47 3 31 11 2 26 
51 3 26 3 31 2 
3 3 3 3 3 3 
3 11 3 3 3 3 
187 91 90 3 3 6 
19 3 6 3 3 2 
58 3 50 7 3 35 
3 3 3 3 3 2 
3 35 3 143 3 2 
3 3 3 3 3 2 
3 3 3 3 3 3 
6 15 3 27 3 18 
3 3 3 3 3 2 
11 3 3 3 3 2 
26 3 67 3 47 3 
51 3 26 3 3 2 
3 3 3 3 3 2 
3 3 3 3 3 2 
3 31 3 54 3 26 
43 3 75 3 31 2 
3 10 3 54 70 2 
42 3 42 3 3 2 
3 3 3 3 3 2 
2 30 3 39 3 26 
3 3 3 3 3 2 
2 58 3 38 35 6 
3 3 3 3 3 2 
18 2 3 3 3 7 
2 3 3 3 3 3 
3 3 3 3 3 2 
2 3 3 3 3 27 
3 3 3 30 3 26 
2 3 19 3 87 3 
3 3 3 31 15 19 
35 3 35 3 35 2 
3 67 3 58 3 27 
10 3 54 3 3 35 
3 3 3 3 118 2 
3 3 3 3 3 2 
3 3 3 3 3 2 
3 3 3 3 3 2 
3 3 3 3 3 2 
114 87 3 114 3 6 
10 3 31 3 18 19 
50 3 38 3 23 11 
3 19 3 3 3 3 
3 3 3 3 3 2 
3 3 3 3 3 2 
3 47 3 63 3 15 
30 3 23 3 39 2 
34 3 38 3 35 2 
3 42 3 27 3 26 
3 3 3 3 3 2 
3 43 39 15 35 3 
26 3 14 3 22 2 
10 3 3 3 3 2 
2 3 3 3 3 3 
3 3 3 90 3 66 
11 3 62 2 7 23 
27 3 70 3 22 14 
3 47 3 59 3 31 
10 3 54 3 31 2 
23 3 43 3 6 2 
3 3 3 3 3 2 
3 3 3 26 3 30 
3 50 3 43 3 30 
3 3 3 3 3 3 
2 3 3 3 3 3 
3 62 3 38 3 26 
42 3 3 14 3 19 
3 43 3 3 3 3 
2 3 22 3 14 2 
3 62 3 51 3 14 
2 3 3 3 3 6 
3 3 3 3 3 2 
3 3 3 3 3 3 
26 3 27 3 23 2 
3 3 3 3 3 3 
3 18 3 23 3 14 
38 3 103 3 19 2 
3 3 3 3 3 2 
3 26 3 67 11 18 
3 34 3 3 3 2 
2 3 3 3 3 2 
11 3 34 3 23 3 
2 3 3 3 3 2 
2 3 3 35 3 26 
3 38 3 62 3 27 
3 3 3 3 3 3 
2 3 3 3 3 2 
3 3 3 3 3 2 
39 3 62 3 58 2 
3 63 3 38 3 19 
3 42 15 19 38 2 
3 3 3 3 3 14 
6 3 66 3 3 2 
74 3 54 3 3 3 
34 11 67 3 14 2 
3 3 3 3 3 2 
3 3 3 3 3 3 
39 3 27 6 3 42 
3 3 3 3 3 2 
2 55 19 35 51 2 
3 42 3 43 3 11 
3 10 3 3 3 2 
3 62 3 59 3 27 
15 3 3 19 3 10 
2 3 3 3 3 3 
19 18 47 3 30 2 
3 6 3 66 47 2 
2 3 39 3 42 3 
3 3 18 3 62 2 
3 58 18 10 34 2 
3 3 10 3 18 2 
31 3 39 3 35 2 
3 3 3 3 3 2 
2 3 3 3 3 2 
2 3 3 3 3 2 
11 3 46 3 50 2 
3 3 3 3 3 2 
3 3 3 71 3 67 
3 3 3 3 3 2 
3 3 34 3 59 2 
2 59 19 18 70 3 
14 214 3 71 3 10 
3 50 18 7 26 2 
2 103 18 26 46 3 
3 3 55 3 86 2 
22 15 3 155 3 18 
3 3 3 3 3 2 
2 3 3 3 3 2 
3 3 3 3 22 2 
6 43 3 55 3 23 
3 3 3 3 3 2 
3 142 14 14 34 2 
3 3 3 3 3 2 
43 3 47 3 3 3 
2 3 3 3 3 3 
30 3 3 46 3 27 
2 3 3 3 10 3 
3 3 3 3 3 2 
3 3 7 3 39 2 
3 3 3 3 3 2 
3 43 3 83 3 46 
3 3 3 3 3 3 
39 3 47 3 34 2 
7 3 43 3 42 3 
2 19 3 31 39 2 
3 3 3 3 3 2 
3 51 3 66 3 31 
3 3 3 3 3 2 
14 7 86 3 46 2 
27 3 19 3 38 3 
2 22 3 38 3 30 
2 3 50 3 38 2 
123 47 1126 3 199 2 
2 3 23 3 30 2 
42 3 46 3 35 2 
3 3 3 3 3 2 
3 19 42 3 34 2 
2 55 3 3 3 3 
6 51 3 46 3 19 
30 3 3 3 3 6 
3 3 3 3 3 2 
182 3 94 3 43 3 
55 3 10 10 3 22 
58 3 67 3 75 2 
18 3 38 3 3 2 
3 3 3 27 3 23 
62 3 3 46 3 35 
26 3 43 3 119 2 
3 3 3 3 3 27 
158 3 14 3 6 2 
31 3 42 3 34 2 
2 42 3 39 3 3 
2 66 3 47 3 10 
3 3 3 3 3 2 
3 3 3 51 3 26 
3 3 3 3 3 2 
3 3 3 3 3 2 
34 3 38 3 46 2 
43 3 42 3 79 2 
3 42 3 3 3 2 
7 3 59 3 26 3 
19 6 3 50 3 47 
3 46 27 10 42 2 
50 3 35 7 3 22 
2 3 3 3 3 3 
3 6 3 59 3 42 
3 3 114 3 3 2 
2 3 18 3 35 2 
3 22 3 66 3 27 
35 3 42 3 3 2 
3 3 3 3 3 2 
3 3 11 3 27 2 
3 3 3 3 3 2 
30 3 27 3 22 2 
2 3 42 3 50 2 
3 3 3 3 3 2 
34 3 42 3 22 15 
3 3 3 3 3 2 
2 70 3 78 3 42 
3 3 3 3 11 2 
2 39 3 39 3 22 
3 3 3 3 3 2 
3 95 3 59 3 7 
2 43 67 7 35 2 
46 3 50 3 39 3 
3 3 3 3 3 2 
3 3 3 6 3 26 
3 14 31 6 31 2 
38 3 38 3 43 2 
3 3 3 3 3 2 
3 3 3 3 3 2 
54 3 34 3 31 2 
2 3 3 3 3 3 
3 39 3 14 3 43 
38 3 3 3 3 2 
2 3 3 3 3 3 
3 3 3 46 3 47 
3 2 3 3 3 3 
7 62 3 6 3 2 
39 3 47 3 42 3 
30 11 3 39 3 7 
18 3 58 3 31 3 
62 3 94 3 119 2 
3 3 3 3 3 2 
3 3 3 3 3 2 
14 38 3 3 3 2 
3 10 3 42 3 30 
2 43 34 3 59 3 
42 3 55 3 35 2 
3 47 3 42 3 23 
3 118 3 3 82 2 
3 47 3 14 3 2 
15 6 3 38 3 18 
3 3 3 3 3 3 
3 3 3 3 23 2 
3 3 3 3 3 2 
43 3 39 3 55 2 
3 3 3 3 3 14 
3 3 23 3 43 2 
3 3 3 3 3 2 
3 6 3 6 99 6 
7 26 54 3 6 2 
2 3 3 3 3 2 
30 10 3 34 3 38 
3 3 3 3 3 2 
2 55 3 35 3 87 
3 30 3 31 3 11 
3 70 23 38 39 2 
51 3 3 58 3 22 
3 3 3 3 3 2 
3 346 3 3 3 6 
3 3 3 3 3 2 
27 3 3 3 3 2 
2 38 3 31 3 7 
3 3 3 3 3 2 
34 3 59 3 34 2 
39 3 50 3 6 2 
3 3 3 3 3 2 
54 3 3 3 3 2 
31 3 3 2 3 2 
2 3 3 3 3 3 
3 3 3 3 3 2 
3 3 3 3 3 2 
3 3 3 3 3 2 
30 3 30 3 10 14 
3 3 3 59 3 26 
3 3 3 3 3 2 
3 3 3 3 3 2 
3 3 26 3 14 2 
19 22 3 58 3 11 
46 3 59 3 46 2 
3 3 3 3 3 2 
3 3 3 3 3 2 
30 3 2 26 3 34 
39 3 35 3 3 2 
3 59 51 7 19 3 
3 3 31 3 51 2 
3 3 3 14 2 27 
3 3 3 3 3 2 
23 7 58 3 3 2 
47 3 3 39 3 2 
2 15 3 38 2 19 
3 3 3 34 3 38 
3 3 3 3 3 2 
3 3 3 3 3 2 
3 42 3 66 3 26 
7 22 38 3 42 2 
3 3 3 3 3 2 
3 3 3 3 3 2 
51 3 3 3 3 3 
3 3 3 19 3 38 
2 46 3 71 3 22 
27 3 3 3 3 3 
3 3 3 3 3 2 
2 3 3 3 2 3 
14 3 3 3 3 2 
3 3 3 3 3 2 
2 3 7 63 66 3 
3 3 3 3 3 2 
27 3 42 3 51 7 
2 42 3 14 3 23 
35 51 79 3 3 3 
27 3 26 3 3 2 
3 3 3 3 3 2 
3 3 3 75 3 34 
3 3 3 3 3 2 
2 7 3 70 3 31 
50 3 22 3 3 2 
2 3 3 3 3 2 
3 47 3 43 27 3 
2 3 3 2 3 3 
2 3 3 3 3 3 
3 3 3 3 3 3 
2 3 3 3 3 3 
3 51 3 26 7 15 
2 18 3 42 3 18 
2 23 3 58 3 15 
3 51 3 47 3 2 
38 3 58 10 3 35 
7 30 170 3 30 2 
46 3 19 3 3 2 
479 6 34 3 3 2 
2 58 6 135 11 10 
2 59 3 38 3 19 
10 3 78 3 3 31 
2 46 3 6 3 2 
3 55 3 83 50 3 
3 3 3 3 3 2 
66 3 19 10 3 35 
31 3 38 3 6 18 
50 3 58 3 30 2 
47 3 38 3 27 3 
3 3 3 3 3 3 
3 3 3 3 3 2 
3 3 3 3 3 3 
2 3 2 3 3 2 
38 3 71 3 30 2 
3 3 3 3 3 2 
3 3 3 3 3 2 
2 54 3 10 3 2 
59 3 50 3 15 15 
38 3 18 3 3 2 
2 3 2 3 23 2 
3 3 3 3 3 2 
3 3 3 3 3 2 
3 3 35 3 31 2 
2 3 3 3 3 3 
2 22 3 22 3 18 
23 3 34 3 39 2 
3 3 3 3 3 3 
3 3 3 3 3 2 
3 3 3 3 3 2 
2 23 18 7 3 6 
54 3 59 3 26 10 
3 14 3 47 26 2 
2 43 3 75 3 42 
10 3 3 3 3 2 
3 3 51 3 14 18 
2 58 14 23 50 2 
47 3 11 19 3 31 
3 3 3 3 3 2 
3 3 3 3 3 2 
3 3 3 3 3 2 
3 35 34 7 34 2 
2 63 3 58 2 46 
3 3 3 3 3 2 
3 3 3 3 3 2 
3 3 3 3 3 2 
3 55 19 7 22 2 
3 3 3 46 3 31 
3 3 3 58 3 18 
3 3 3 18 3 31 
3 3 3 3 3 2 
62 3 62 3 55 2 
3 62 3 51 2 3 
67 18 2 3 3 10 
3 55 3 87 14 22 
3 3 3 3 3 2 
3 3 3 3 3 2 
7 74 3 71 3 14 
3 43 7 78 3 15 
2 3 3 3 3 2 
3 110 3 35 2 2 
2 3 3 39 3 31 
43 3 50 3 35 2 
3 35 3 31 3 10 
2 31 3 58 22 3 
59 3 10 18 3 31 
3 39 11 62 46 2 
2 3 3 3 90 2 
22 6 34 3 3 23 
6 3 3 3 3 3 
22 3 3 59 3 15 
3 66 3 86 3 30 
47 3 59 3 39 2 
15 3 47 3 39 2 
2 23 3 3 3 3 
2 3 3 26 2 26 
3 3 3 3 3 2 
34 3 30 7 3 6 
34 3 15 2 3 22 
79 3 63 3 6 2 
2 3 3 3 3 3 
3 11 3 63 3 31 
3 3 3 7 3 27 
3 3 3 3 3 2 
47 3 63 3 31 2 
2 47 3 50 50 6 
62 3 66 3 15 2 
14 19 54 3 27 2 
23 3 62 3 27 18 
11 18 39 3 15 2 
3 55 51 3 58 3 
3 63 3 82 3 30 
43 3 63 3 3 3 
2 3 3 3 30 2 
30 3 63 3 51 2 
3 63 3 66 3 15 
3 3 3 3 3 2 
3 59 3 50 3 39 
3 86 11 58 51 2 
42 3 3 22 3 23 
51 3 59 3 50 6 
3 3 3 3 3 2 
3 38 3 10 38 3 
15 3 23 3 3 2 
30 3 34 3 58 2 
3 66 3 43 3 31 
3 3 3 3 3 2 
3 3 3 3 3 3 
26 3 31 3 47 2 
27 3 42 3 6 27 
18 3 54 3 42 2 
3 3 3 79 7 27 
22 6 3 3 3 2 
19 3 111 3 6 30 
3 39 3 46 3 23 
3 26 3 3 3 2 
71 3 10 3 3 3 
3 86 3 43 3 15 
3 3 47 3 47 11 
15 35 3 35 3 15 
2 58 3 98 3 30 
1126 203 6 3 3 6 
2 3 3 3 35 2 
3 3 3 3 30 2 
2 46 11 30 34 2 
2 3 3 3 3 2 
31 6 3 82 3 46 
6 62 51 3 34 3 
3 3 3 3 3 2 
55 2 42 3 50 2 
2 3 3 35 3 35 
55 3 3 58 3 19 
39 3 43 3 11 2 
2 38 10 15 35 3 
3 3 3 3 3 2 
2 3 3 3 3 3 
3 3 3 3 3 18 
3 3 3 3 35 2 
67 3 26 3 3 2 
3 26 3 3 3 2 
3 47 3 3 30 2 
3 42 3 66 3 47 
30 3 10 3 3 23 
31 3 26 3 30 2 
51 3 27 19 3 34 
3 62 7 27 98 2 
3 3 3 3 3 3 
3 47 3 51 3 26 
46 3 11 23 3 34 
2 55 11 11 30 2 
3 63 3 79 3 27 
19 3 11 10 2 98 
38 3 47 3 35 3 
42 3 43 3 34 2 
3 3 86 3 702 2 
22 3 18 3 3 2 
3 38 3 62 50 11 
3 3 3 3 3 2 
3 39 3 46 2 2 
3 58 3 35 3 23 
2 3 3 3 3 3 
6 58 3 67 2 39 
2 3 3 3 3 2 
3 27 3 7 3 2 
15 50 46 3 3 2 
3 3 23 3 50 2 
3 3 18 3 71 2 
3 3 3 3 3 2 
3 62 3 38 3 27 
3 3 3 42 3 27 
3 3 3 3 3 2 
3 50 3 27 34 3 
43 3 39 3 31 2 
47 3 54 3 3 2 
3 27 31 11 10 3 
2 3 3 3 3 2 
2 39 3 50 18 19 
3 35 7 30 54 2 
3 3 3 3 3 2 
31 3 39 26 3 39 
3 46 3 59 18 6 
3 3 22 3 34 6 
2 74 50 3 86 3 
3 3 3 3 3 2 
3 3 3 87 3 35 
42 3 27 3 3 2 
3 3 3 3 3 2 
3 3 3 3 3 23 
3 3 3 23 3 27 
62 3 83 3 35 2 
19 3 23 3 43 2 
3 31 10 71 27 2 
11 3 79 3 3 2 
3 6 3 71 54 3 
2 3 3 3 3 2 
26 3 22 3 15 2 
19 3 26 3 35 2 
3 3 3 43 51 2 
34 3 23 3 3 3 
15 39 86 3 2 2 
3 3 3 3 3 2 
2 43 18 3 95 3 
2 50 3 7 3 2 
2 3 58 3 59 3 
3 50 15 22 38 3 
39 14 3 38 3 26 
3 26 3 34 3 14 
2 3 3 3 2 3 
2 3 3 3 3 2 
83 3 75 3 66 2 
55 3 43 6 3 27 
43 3 58 3 31 2 
3 3 3 3 3 2 
3 35 3 31 3 3 
2 3 3 3 3 14 
82 3 55 3 27 2 
75 3 134 3 171 3 
3 3 3 3 3 2 
71 3 3 42 3 46 
3 3 42 3 38 2 
34 3 31 3 58 3 
51 3 7 19 3 23 
3 3 3 3 3 2 
3 3 3 3 3 2 
3 50 3 63 3 31 
3 3 3 3 3 2 
3 3 3 3 3 2 
3 14 3 95 3 34 
59 3 47 3 50 3 
3 22 31 2 39 2 
2 3 3 3 3 3 
6 46 2 51 3 26 
135 3 138 3 39 2 
3 3 3 3 3 2 
3 14 3 70 14 3 
3 3 3 23 3 30 
3 3 3 3 3 2 
3 3 14 3 50 2 
3 22 30 15 23 2 
15 42 3 34 3 14 
3 3 18 3 50 2 
7 3 38 3 46 2 
3 3 3 3 30 2 
50 3 58 3 50 2 
3 3 3 3 3 2 
19 3 23 3 23 3 
51 3 50 3 27 2 
2 47 6 58 66 3 
3 99 3 103 3 54 
3 3 3 3 3 22 
3 66 3 46 3 23 
3 3 3 3 3 3 
3 46 3 46 3 19 
3 47 3 58 3 27 
19 3 58 3 26 2 
3 58 62 3 15 2 
34 3 43 3 47 2 
2 3 3 3 3 3 
3 18 3 35 3 18 
3 43 3 42 3 19 
3 42 3 55 3 42 
3 3 3 3 3 2 
2 3 3 38 3 27 
3 3 3 3 3 3 
39 3 67 3 31 2 
3 3 3 39 3 19 
3 91 3 74 3 34 
3 3 82 3 50 3 
19 3 50 3 55 2 
3 3 3 10 3 34 
3 47 46 14 35 2 
2 3 3 3 3 3 
10 3 3 3 3 2 
3 3 3 3 3 2 
3 3 3 3 3 2 
43 3 27 3 3 2 
30 3 42 3 3 2 
3 3 3 43 3 23 
3 42 11 23 123 2 
43 3 19 3 3 2 
34 3 39 3 50 3 
43 3 3 38 3 66 
3 74 15 74 62 2 
3 26 3 39 3 19 
3 3 3 3 3 2 
3 3 3 3 3 2 
2 3 3 3 3 2 
95 3 62 3 30 6 
3 27 3 46 3 31 
27 3 31 3 19 2 
3 47 3 46 3 23 
3 35 3 46 3 30 
3 62 3 54 3 10 
2 94 54 38 62 3 
27 3 31 3 18 3 
2 3 3 3 3 2 
3 3 3 3 3 2 
3 3 3 62 3 30 
2 38 3 22 3 2 
2 38 3 31 3 26 
3 3 3 3 3 2 
3 47 3 54 3 30 
14 71 59 3 3 2 
3 3 3 3 3 2 
3 3 3 3 3 3 
3 42 3 34 51 2 
50 3 3 34 3 27 
2 3 3 3 3 2 
6 3 66 3 26 22 
38 3 2 3 3 2 
3 3 3 3 3 2 
55 3 3 3 3 3 
3 3 3 3 3 2 
3 3 3 3 3 2 
3 3 3 3 3 3 
3 326 3 3 70 2 
3 3 3 3 3 2 
11 3 3 3 3 3 
6 90 3 51 3 63 
42 3 51 3 23 3 
3 3 23 3 38 2 
3 43 3 3 3 2 
3 3 22 3 31 2 
30 10 79 3 91 3 
7 3 3 3 3 2 
2 50 3 38 3 6 
3 3 3 3 3 2 
47 3 3 3 3 3 
3 3 3 19 3 27 
54 3 62 3 46 2 
3 3 3 3 3 2 
3 63 38 3 18 2 
3 3 3 3 34 2 
2 3 3 3 3 2 
3 3 3 3 3 2 
3 87 3 62 3 23 
3 70 15 19 43 2 
2 43 3 31 31 3 
3 3 3 3 3 18 
2 27 3 26 3 26 
11 34 30 3 34 3 
2 3 3 3 3 3 
3 3 3 3 3 3 
3 3 3 31 3 31 
3 23 3 46 3 19 
30 3 47 3 50 3 
2 3 3 3 3 3 
3 3 3 3 3 2 
14 27 3 42 3 18 
3 58 14 14 39 2 
6 3 47 3 18 15 
58 3 58 3 14 6 
3 3 3 3 3 2 
18 18 3 54 3 18 
2 3 3 3 3 3 
3 50 3 58 3 23 
3 3 3 3 3 2 
3 3 3 3 3 6 
2 38 3 27 3 11 
2 34 3 47 3 54 
35 11 3 70 3 35 
63 3 51 3 39 2 
3 3 3 3 10 2 
3 3 3 3 3 2 
23 14 119 3 102 3 
2 2 3 67 3 11 
3 75 2 78 3 27 
3 3 3 3 3 2 
3 39 3 34 3 2 
51 3 39 3 23 2 
3 66 3 66 3 38 
10 3 3 3 3 2 
22 3 35 3 6 7 
2 31 3 3 3 2 
46 3 34 3 26 2 
3 3 98 3 3 10 
3 3 3 3 3 6 
3 3 3 3 3 2 
46 3 58 3 18 2 
3 3 3 3 3 2 
3 3 3 3 3 2 
3 3 3 3 3 2 
3 23 3 46 22 11 
3 3 3 3 3 2 
3 3 3 3 3 2 
3 3 3 3 3 2 
2 79 3 34 3 14 
2 3 3 7 3 35 
3 31 7 30 39 3 
3 3 3 3 3 2 
38 3 43 3 38 2 
2 58 3 67 2 18 
22 3 42 3 26 2 
3 3 3 3 3 2 
3 3 3 3 3 2 
3 23 3 67 3 19 
2 35 3 54 3 22 
3 39 3 19 3 3 
42 3 30 3 50 2 
2 59 3 38 26 7 
27 19 55 3 47 2 
34 2 35 3 3 2 
2 38 3 26 3 3 
3 3 6 3 55 2 
3 3 7 3 26 2 
3 67 3 55 3 30 
2 3 3 3 3 2 
3 3 3 3 3 2 
363 1126 27 118 7 14 
2 3 3 59 3 38 
3 19 3 50 39 7 
3 18 3 19 3 14 
11 19 47 3 51 2 
3 38 3 51 3 30 
3 3 3 3 139 3 
51 3 42 3 3 2 
3 3 3 3 3 2 
3 3 3 3 3 2 
3 34 3 23 3 22 
30 3 3 3 3 3 
3 55 3 83 3 3 
35 3 42 3 3 123 
3 55 3 54 3 2 
2 42 3 51 3 26 
3 3 3 3 3 2 
3 90 3 59 2 27 
3 3 3 3 3 3 
3 59 3 39 3 15 
11 22 26 3 23 2 
3 3 3 35 3 23 
39 3 38 3 15 3 
3 3 3 3 3 2 
54 3 50 3 43 2 
6 58 35 23 1126 15 
3 58 3 43 3 22 
51 3 63 10 10 7 
3 14 3 3 3 2 
18 3 22 3 3 3 
3 3 3 3 38 2 
2 3 3 3 3 2 
3 3 3 3 3 2 
63 3 3 43 3 2 
3 14 3 42 3 19 
3 3 3 3 3 2 
2 2 74 3 90 3 
3 3 3 3 3 2 
3 3 3 3 3 26 
2 66 3 3 3 3 
3 47 34 22 66 2 
3 42 3 38 3 6 
42 3 47 3 35 2 
3 26 3 79 3 2 
46 3 58 3 26 2 
42 3 50 2 3 31 
3 3 3 3 14 2 
3 47 27 11 18 2 
3 3 3 3 3 2 
3 94 3 191 3 14 
3 3 3 3 3 3 
42 3 43 3 27 6 
3 3 3 3 3 18 
3 3 6 3 3 2 
3 15 3 30 3 31 
3 3 3 99 43 2 
3 3 3 3 3 3 
50 3 6 3 3 2 
3 3 3 3 10 3 
3 3 3 3 3 2 
3 74 3 107 3 11 
3 3 3 3 3 2 
3 3 3 3 3 3 
3 3 3 3 3 2 
3 74 3 43 3 23 
2 47 3 42 38 2 
30 3 62 3 3 18 
2 62 3 3 3 3 
3 3 3 3 3 2 
3 3 3 7 3 31 
50 3 67 3 71 2 
3 3 3 3 3 2 
3 3 3 3 3 2 
3 50 3 47 3 2 
39 3 14 19 3 35 
3 14 3 62 3 31 
3 3 3 3 3 2 
3 39 3 51 6 18 
3 55 3 42 3 19 
3 3 3 3 3 3 
3 3 3 3 3 2 
30 3 3 3 3 2 
47 3 22 3 46 3 
43 3 23 2 30 3 
3 23 3 23 23 3 
27 34 3 67 3 14 
10 3 34 3 39 2 
3 51 3 62 6 11 
3 10 3 58 3 43 
3 47 3 59 3 35 
3 3 3 3 3 2 
3 3 3 3 3 2 
3 30 3 26 3 2 
3 3 38 3 51 3 
6 19 30 3 18 2 
7 39 3 31 3 30 
42 3 42 3 26 2 
3 51 39 3 15 2 
6 38 30 3 38 3 
66 3 42 3 75 2 
2 3 3 67 3 30 
3 78 34 3 26 2 
31 23 3 47 3 26 
3 3 3 3 3 2 
3 3 3 3 3 2 
55 3 14 3 3 3 
115 3 3 3 3 3 
3 3 3 3 22 2 
3 27 3 86 3 34 
34 3 75 3 3 3 
47 10 3 47 3 18 
3 3 3 26 3 22 
3 58 3 63 3 39 
35 3 3 3 3 2 
2 3 47 3 43 2 
3 63 3 87 3 30 
31 3 43 3 3 59 
3 3 3 3 3 2 
47 3 3 7 3 39 
3 50 2 50 31 2 
3 3 6 38 71 2 
3 3 3 3 3 2 
99 15 7 38 3 51 
3 3 3 3 3 3 
55 3 38 3 46 2 
3 35 3 3 3 3 
3 3 3 3 3 2 
27 3 34 3 11 3 
18 55 38 3 31 2 
2 3 3 3 3 3 
27 7 31 3 3 2 
18 3 42 3 14 11 
3 3 3 3 3 2 
3 22 6 54 35 2 
3 3 6 3 50 2 
79 3 26 3 3 2 
54 3 75 3 27 2 
3 3 3 19 3 10 
3 15 3 63 3 7 
3 3 3 3 22 2 
3 3 3 3 3 2 
2 142 3 35 3 2 
18 14 3 70 3 38 
27 3 55 3 34 3 
3 38 3 43 3 18 
47 3 39 3 34 2 
2 14 3 63 2 30 
26 3 59 3 42 3 
3 3 26 3 34 2 
3 3 3 3 3 3 
42 2 3 54 3 18 
3 3 3 3 3 2 
3 3 3 3 3 3 
3 3 3 3 3 2 
2 3 3 3 3 19 
3 3 34 3 10 2 
47 83 283 3 430 35 
3 58 3 66 3 2 
11 35 3 51 3 19 
3 3 3 3 3 3 
7 22 3 19 3 22 
3 83 3 55 3 38 
2 51 3 51 3 6 
22 3 38 2 3 18 
3 3 3 3 2 2 
2 51 11 43 50 2 
3 3 3 3 34 2 
3 3 3 3 3 2 
3 3 3 3 47 2 
3 3 3 3 3 2 
3 3 3 7 3 2 
3 10 3 3 3 2 
3 3 3 3 3 11 
2 3 22 3 23 2 
23 22 67 3 34 2 
2 78 3 22 3 3 
15 27 39 3 42 2 
3 3 3 163 3 47 
3 47 70 3 14 2 
3 30 3 3 3 2 
2 3 63 3 26 10 
3 3 35 3 47 2 
38 3 63 3 3 10 
2 3 3 3 3 2 
3 3 3 3 3 26 
3 3 3 3 3 2 
3 3 3 3 3 2 
54 3 34 3 39 2 
47 3 34 3 35 2 
3 62 3 39 3 22 
3 3 19 3 39 2 
3 3 54 3 39 2 
50 3 58 3 10 2 
23 3 18 7 3 11 
3 62 3 58 3 30 
2 3 3 3 3 3 
3 3 3 3 3 11 
3 3 3 3 3 3 
3 6 3 62 3 22 
10 3 3 3 3 2 
15 3 74 3 27 10 
3 3 3 3 3 47 
3 3 3 3 30 2 
59 3 99 3 39 2 
2 30 3 82 42 10 
3 39 3 55 3 46 
3 46 3 27 3 2 
35 3 58 3 7 3 
3 3 3 3 3 2 
3 3 3 3 3 2 
38 3 42 3 34 2 
3 3 3 3 3 2 
3 38 3 34 3 31 
18 3 3 3 3 2 
3 3 3 3 3 2 
39 23 51 3 10 3 
3 3 3 10 3 26 
2 3 6 3 30 3 
3 3 3 3 3 2 
54 3 39 3 3 30 
39 3 3 3 3 2 
15 10 3 35 2 11 
3 46 3 30 3 30 
3 3 3 47 3 30 
10 3 55 3 3 23 
11 3 58 3 31 3 
2 3 3 3 3 2 
3 3 3 31 3 15 
43 3 43 3 54 2 
3 63 63 3 34 2 
63 23 55 2 30 2 
7 3 26 3 42 2 
3 34 3 75 3 14 
3 3 3 3 3 3 
2 35 3 3 3 2 
3 66 3 38 3 7 
10 3 30 3 26 7 
3 3 3 3 3 2 
46 3 71 3 54 2 
34 11 3 43 3 23 
3 51 3 3 3 3 
55 3 62 3 18 2 
54 3 3 43 3 22 
3 54 3 54 3 2 
3 43 3 74 2 10 
3 3 3 3 3 2 
3 3 3 3 3 2 
3 55 3 34 3 2 
3 3 35 3 42 6 
2 39 3 71 10 22 
54 3 59 3 3 2 
3 59 3 59 3 30 
3 19 3 38 3 14 
6 3 46 19 3 26 
3 3 3 3 3 2 
63 3 43 3 3 2 
3 3 3 3 3 2 
2 3 3 3 3 3 
3 66 3 35 3 2 
22 3 3 3 3 3 
3 3 3 3 3 2 
3 3 3 3 3 3 
3 3 3 3 3 2 
3 46 3 3 3 3 
2 35 3 31 3 10 
3 3 3 3 11 3 
30 3 38 3 27 2 
3 3 3 3 3 2 
54 3 39 3 54 2 
47 3 50 3 39 2 
3 11 3 42 3 6 
26 3 59 3 10 23 
2 38 3 50 118 11 
19 6 3 55 3 30 
23 3 14 3 26 3 
10 3 27 3 14 23 
31 3 35 3 27 2 
3 3 3 3 3 2 
42 3 42 3 26 2 
3 3 3 3 3 2 
31 3 26 3 31 7 
67 3 30 3 3 2 
2 46 3 82 3 42 
3 3 3 3 3 11 
3 3 3 3 3 2 
3 47 54 3 22 2 
3 3 3 3 3 2 
3 3 31 3 31 2 
34 31 63 3 31 2 
3 3 3 3 3 2 
78 3 22 19 3 30 
3 3 3 3 3 2 
38 3 42 3 22 10 
3 39 51 3 42 2 
11 3 67 3 75 2 
47 3 46 7 3 39 
3 55 3 47 3 2 
31 3 31 11 3 27 
46 3 59 3 62 2 
3 3 3 3 3 2 
55 3 42 3 3 2 
3 3 3 3 3 2 
3 59 3 54 3 22 
3 3 3 3 2 2 
3 67 3 66 3 26 
3 7 3 66 6 23 
42 3 34 3 46 2 
3 66 3 51 3 46 
31 3 35 3 18 2 
34 3 34 3 7 3 
3 34 43 3 23 2 
3 3 3 3 3 3 
50 3 23 14 3 35 
3 35 3 167 10 91 
3 3 3 3 3 2 
55 3 6 51 3 30 
191 3 87 3 43 2 
30 2 50 3 34 2 
3 87 3 70 3 18 
3 43 3 54 3 23 
47 3 55 3 51 2 
3 27 3 63 2 22 
2 3 38 3 38 3 
3 3 3 3 3 3 
55 3 31 3 35 2 
6 3 46 3 10 19 
3 3 3 3 3 3 
3 94 3 78 3 19 
3 59 15 7 55 2 
3 3 3 3 3 2 
3 3 3 82 3 55 
3 3 3 3 3 2 
11 3 3 7 3 2 
62 3 47 3 3 2 
99 3 42 3 7 14 
3 3 3 50 3 19 
3 3 3 3 3 2 
34 3 35 3 50 2 
3 3 31 3 11 6 
3 3 3 3 3 3 
51 3 14 47 3 31 
3 3 3 3 3 2 
3 27 22 26 43 2 
3 3 3 3 3 2 
46 15 3 78 3 18 
3 3 3 3 3 2 
3 3 3 3 3 26 
2 42 3 43 3 19 
3 3 3 3 3 2 
2 15 15 19 30 2 
3 74 54 22 59 2 
27 3 51 3 43 2 
3 3 3 3 3 3 
6 14 47 3 30 2 
2 30 3 34 3 19 
3 3 3 3 3 2 
3 3 3 3 3 2 
3 3 30 3 43 2 
3 3 3 19 3 22 
2 66 26 7 46 3 
31 3 3 51 3 31 
3 3 3 3 3 2 
38 3 22 3 2 2 
2 3 3 3 3 2 
18 3 31 3 67 3 
14 43 3 46 3 26 
3 47 3 75 3 2 
3 31 3 51 11 10 
46 3 47 3 11 2 
3 3 3 3 3 3 
71 3 34 3 15 3 
3 3 3 3 3 3 
3 54 3 78 3 22 
10 3 3 3 3 2 
2 59 42 3 30 2 
3 3 3 3 3 2 
58 3 46 3 42 2 
3 3 3 3 3 2 
3 39 30 7 26 2 
43 3 34 3 30 2 
3 3 3 3 3 2 
54 3 34 11 3 26 
43 3 75 3 11 2 
3 3 3 27 3 22 
22 3 31 15 3 30 
23 3 11 3 3 2 
86 14 55 3 422 18 
3 3 3 3 3 2 
43 3 54 3 31 2 
3 18 35 3 63 2 
6 58 3 27 3 31 
3 3 3 3 3 3 
3 3 3 3 14 14 
3 3 3 3 3 2 
3 3 3 3 3 2 
3 3 3 15 3 18 
3 3 3 3 3 2 
35 3 123 3 31 234 
14 2 3 19 3 23 
3 3 3 3 3 2 
23 3 58 3 51 3 
3 3 3 7 3 39 
30 3 14 19 3 19 
34 3 27 3 31 2 
46 19 31 3 19 2 
3 31 3 6 3 2 
3 3 3 3 3 2 
58 3 31 3 3 3 
2 3 3 3 3 2 
3 31 3 22 23 2 
46 3 22 3 3 2 
3 58 3 22 3 26 
3 31 3 26 3 14 
3 3 3 3 3 2 
3 3 3 3 3 2 
3 59 3 46 3 3 
47 3 23 3 3 2 
3 3 3 54 3 30 
3 67 3 55 3 2 
10 38 19 3 58 2 
22 3 71 3 3 22 
3 62 3 50 2 30 
27 3 31 19 3 34 
3 3 3 3 3 2 
3 3 3 3 3 3 
50 3 19 3 3 2 
27 3 3 3 3 2 
3 3 3 3 3 2 
43 3 54 3 42 3 
3 3 3 3 3 2 
3 38 3 3 3 3 
3 43 3 22 6 2 
3 3 3 3 3 2 
2 3 3 3 19 2 
2 3 3 3 3 15 
66 3 66 3 39 3 
3 3 3 31 3 26 
3 51 3 71 3 30 
3 3 3 58 3 27 
62 3 27 3 19 2 
38 3 30 35 3 30 
14 3 27 3 27 2 
3 34 3 47 3 6 
2 3 3 3 3 2 
2 35 10 26 34 3 
27 14 43 3 31 2 
3 58 3 50 3 15 
3 34 3 7 3 2 
35 3 23 3 31 2 
2 3 3 3 3 2 
3 3 107 3 78 2 
3 3 10 3 19 2 
19 10 38 3 74 3 
30 3 55 3 39 3 
3 74 3 51 3 15 
2 67 39 22 50 2 
2 47 3 43 3 30 
3 18 3 62 14 19 
3 3 3 3 3 2 
2 3 3 3 3 3 
39 3 23 3 27 2 
3 3 3 3 3 26 
6 3 43 3 34 6 
3 3 6 3 63 2 
46 3 39 3 15 14 
3 166 26 3 38 2 
23 3 35 3 34 3 
3 3 3 50 3 22 
3 30 3 35 3 19 
6 3 3 3 3 2 
3 3 3 3 3 2 
3 47 43 3 19 2 
3 6 3 3 3 3 
3 3 3 3 3 2 
3 18 3 38 11 19 
15 3 26 3 14 2 
3 3 11 3 22 2 
3 3 3 3 3 10 
2 38 3 26 3 30 
3 3 3 3 3 2 
3 18 3 82 3 43 
2 38 3 43 3 6 
3 3 3 6 3 22 
3 51 3 42 3 23 
3 3 31 3 58 2 
2 3 15 3 30 3 
3 3 3 3 3 2 
34 3 15 11 3 31 
10 11 15 3 50 7 
47 3 11 26 6 14 
38 3 18 19 3 23 
3 3 3 3 3 2 
3 51 3 59 3 6 
3 3 54 3 54 3 
3 59 22 34 38 2 
2 3 3 3 3 3 
6 30 3 34 3 7 
2 3 3 3 3 3 
23 3 3 3 3 3 
3 3 3 3 3 30 
39 3 27 22 3 31 
3 3 6 3 55 2 
3 19 3 83 51 2 
3 3 3 3 19 2 
10 3 3 3 15 2 
3 3 3 3 3 31 
3 3 3 3 3 2 
3 3 3 3 10 2 
6 3 47 3 55 2 
166 3 11 3 3 3 
3 3 3 3 3 2 
3 51 3 38 3 2 
3 3 3 3 3 2 
55 3 26 3 51 6 
2 63 3 67 3 26 
34 3 63 3 42 3 
3 11 3 43 26 3 
3 3 3 3 3 2 
3 3 3 43 3 31 
3 3 3 3 3 2 
3 30 26 3 18 3 
38 3 51 3 46 2 
3 3 3 3 3 2 
26 3 47 3 30 3 
3 3 3 3 3 2 
3 3 3 3 3 2 
3 46 3 47 3 2 
3 50 63 3 95 3 
2 31 3 63 15 11 
2 3 3 3 7 3 
34 27 54 3 19 2 
26 3 43 3 42 2 
3 47 3 43 43 2 
2 63 3 46 42 3 
3 3 3 3 3 2 
30 3 3 91 3 38 
54 3 43 3 31 10 
2 3 3 3 3 3 
2 3 3 3 3 3 
3 27 3 43 3 23 
31 3 38 3 22 2 
14 3 51 3 31 2 
3 3 3 3 3 2 
2 3 3 3 3 3 
3 3 3 3 3 2 
3 3 3 3 3 2 
263 3 3 3 2 2 
3 35 7 22 58 2 
3 3 3 3 3 2 
31 2 3 42 3 26 
39 3 3 70 3 19 
3 3 3 3 3 2 
3 3 3 3 3 3 
26 3 23 3 14 2 
2 3 3 3 3 3 
6 3 3 3 3 3 
3 27 3 30 3 22 
38 3 35 3 35 2 
30 3 55 3 38 3 
3 3 50 3 39 2 
3 3 3 47 3 18 
31 3 22 3 3 2 
34 3 51 3 3 2 
39 3 54 3 23 2 
38 3 43 3 42 2 
62 3 39 3 34 3 
74 3 71 3 62 2 
3 26 3 22 3 19 
2 3 3 3 3 3 
63 3 67 3 26 2 
3 15 3 15 3 27 
7 34 46 3 46 3 
3 3 3 3 3 3 
2 3 3 3 3 3 
2 3 3 3 3 3 
42 3 3 3 3 2 
38 3 43 3 62 2 
3 46 6 18 38 3 
58 3 47 3 14 11 
3 70 3 39 3 2 
3 39 3 78 3 34 
3 34 3 58 3 30 
3 3 66 3 18 2 
19 3 11 3 3 2 
3 3 3 3 3 2 
3 3 3 14 3 39 
3 3 3 3 3 2 
2 55 3 42 3 18 
3 3 3 10 3 30 
3 3 3 3 3 2 
2 59 3 67 3 30 
54 3 58 3 3 2 
3 3 3 38 3 23 
3 3 3 3 3 2 
38 3 23 3 3 2 
3 3 31 3 70 2 
3 3 18 3 26 3 
26 3 51 3 54 3 
43 47 26 46 7 6 
43 3 47 3 39 2 
3 30 3 14 3 2 
3 27 3 50 3 34 
27 23 51 3 14 3 
3 3 3 3 3 14 
114 3 31 39 3 22 
46 3 11 46 3 18 
2 54 3 43 3 26 
3 78 3 94 3 10 
42 3 67 3 3 30 
3 26 3 54 111 3 
2 3 3 3 3 3 
2 3 3 3 3 2 
14 3 39 3 11 2 
3 3 3 3 3 2 
3 3 3 3 3 2 
23 3 27 3 30 2 
2 63 3 62 3 83 
2 54 39 3 43 3 
3 46 3 67 3 31 
3 79 3 94 3 42 
47 3 107 7 3 38 
46 3 2 19 3 18 
3 3 3 3 3 2 
23 3 15 15 3 22 
3 3 3 3 3 2 
2 3 3 3 3 6 
3 50 3 46 3 19 
2 43 3 43 3 30 
22 3 66 3 2 19 
3 3 3 3 19 2 
3 3 3 3 3 2 
3 3 3 3 3 38 
3 3 3 3 3 2 
3 3 47 3 62 2 
51 3 51 3 50 2 
3 3 3 3 3 2 
7 3 42 3 39 2 
18 7 34 3 10 2 
3 3 3 3 3 7 
3 3 3 3 3 3 
3 3 3 3 3 2 
3 3 3 3 3 2 
3 3 3 3 3 2 
3 3 3 3 3 2 
3 3 3 3 3 3 
3 50 3 66 42 3 
14 3 18 7 3 26 
3 122 3 26 59 3 
15 3 43 7 3 23 
3 3 3 3 3 3 
2 18 3 3 3 2 
3 3 3 3 3 2 
6 3 2 3 7 2 
18 3 86 3 11 38 
3 3 3 3 3 2 
35 3 46 3 26 2 
3 6 6 35 35 2 
2 3 3 3 3 3 
3 3 3 3 3 2 
6 123 2 19 3 235 
3 3 3 3 3 6 
3 43 3 34 3 23 
46 3 35 3 42 2 
3 3 3 31 3 30 
3 22 3 62 15 15 
3 47 3 42 38 2 
2 3 3 35 3 26 
3 3 6 3 39 2 
167 3 23 3 3 3 
3 3 3 3 3 3 
42 3 42 3 3 2 
3 3 3 3 3 2 
15 18 30 3 3 2 
3 19 3 75 35 6 
3 3 3 3 70 3 
14 3 3 11 3 34 
2 19 3 43 3 10 
3 3 3 3 3 2 
3 3 34 3 63 2 
70 3 111 3 7 3 
3 3 3 3 39 2 
42 3 55 3 23 7 
14 3 59 30 3 66 
3 3 3 3 3 2 
3 3 46 3 35 3 
54 3 31 3 46 2 
18 3 31 3 19 2 
2 3 3 3 3 2 
2 50 3 54 3 22 
2 3 3 46 3 26 
59 3 34 3 26 2 
3 3 3 3 3 14 
3 3 3 3 3 3 
26 3 43 3 10 19 
19 15 3 3 3 2 
3 3 3 3 3 3 
3 3 3 3 6 2 
47 3 46 3 30 2 
2 3 3 3 3 2 
3 3 3 2 3 14 
3 3 3 3 3 2 
59 3 15 3 3 3 
47 3 43 3 42 2 
47 3 18 3 3 2 
3 3 34 3 3 139 
3 43 3 39 3 38 
3 3 3 3 3 2 
3 71 3 39 3 38 
15 3 3 3 3 2 
2 3 3 3 3 3 
11 19 58 3 6 2 
3 62 3 3 3 2 
3 3 3 3 3 2 
3 3 3 3 11 2 
50 3 42 3 18 2 
18 3 46 3 26 2 
3 3 3 3 3 2 
3 23 3 39 3 19 
2 30 3 35 3 26 
3 31 3 50 3 19 
3 27 3 46 3 19 
7 3 23 3 26 2 
30 3 30 3 3 2 
26 3 27 3 18 2 
14 3 3 3 3 2 
3 3 3 3 3 2 
10 3 62 3 3 14 
34 27 3 39 3 26 
3 3 3 6 3 22 
18 3 50 7 3 31 
3 3 3 3 2 10 
2 3 43 3 34 2 
43 3 35 26 3 26 
2 3 3 30 3 23 
3 3 3 19 3 26 
14 3 3 3 3 6 
3 46 3 71 38 3 
46 3 3 3 3 2 
34 3 46 3 34 2 
34 3 38 3 34 2 
3 3 3 3 3 2 
2 3 3 3 14 2 
2 51 3 3 3 3 
3 87 6 19 30 2 
7 3 3 3 3 2 
3 3 39 3 55 15 
3 63 3 55 3 11 
3 54 3 31 3 2 
82 3 110 3 3 2 
3 42 30 6 46 2 
43 3 19 3 3 2 
3 3 3 3 3 6 
43 3 10 66 3 23 
50 3 18 3 3 2 
2 3 3 3 3 2 
2 30 3 35 3 23 
3 3 3 3 3 2 
3 3 3 3 3 2 
3 35 3 46 3 23 
2 3 3 3 3 22 
23 7 3 3 3 2 
3 47 3 66 3 22 
2 71 3 39 42 2 
30 3 46 3 35 3 
18 3 3 3 3 2 
39 3 42 3 3 18 
3 3 3 3 3 3 
3 3 3 3 3 2 
3 10 3 58 3 30 
3 3 3 3 3 2 
3 50 3 51 3 3 
10 3 3 3 3 3 
3 50 3 3 3 2 
3 3 3 3 3 2 
59 3 30 3 23 2 
7 10 3 6 222 38 
3 3 6 3 26 2 
22 6 54 3 51 2 
3 3 3 3 3 2 
3 3 3 3 3 2 
2 3 3 3 3 3 
3 66 14 15 43 2 
15 38 43 3 23 2 
54 3 83 3 70 3 
3 51 3 51 3 38 
2 35 42 3 11 2 
50 3 3 75 3 31 
38 10 3 31 3 22 
7 11 3 54 3 18 
3 3 3 3 3 2 
31 3 18 3 3 3 
3 46 27 3 35 3 
3 59 3 31 3 2 
3 58 3 70 2 26 
3 3 3 3 59 2 
3 3 3 3 3 2 
3 54 3 47 47 2 
62 3 26 3 6 14 
3 3 3 3 3 3 
2 22 3 47 3 35 
3 3 3 3 3 2 
3 71 3 2 3 2 
38 3 50 3 30 2 
46 3 58 3 51 2 
3 3 3 3 22 2 
3 14 3 3 3 2 
51 3 3 39 3 27 
54 3 58 3 47 2 
66 3 3 3 3 23 
3 3 3 3 3 2 
26 98 3 3 3 2 
2 62 3 55 22 6 
22 3 31 3 3 3 
19 10 3 38 3 6 
27 3 134 3 91 2 
23 3 3 3 3 2 
6 3 3 3 3 2 
31 3 34 3 7 10 
3 3 38 3 30 3 
6 6 3 3 3 22 
3 3 3 3 3 2 
34 3 54 3 3 31 
3 3 3 3 3 2 
59 3 38 3 42 2 
3 3 3 3 3 2 
3 27 11 3 38 2 
43 3 50 3 3 18 
2 23 3 3 3 3 
3 55 3 50 3 23 
27 3 46 3 30 2 
3 3 3 3 3 3 
3 3 18 3 11 2 
3 3 3 3 3 2 
46 3 59 3 14 2 
3 3 3 3 3 11 
31 3 3 3 3 2 
38 3 51 3 15 10 
3 3 3 27 3 18 
30 3 30 3 15 7 
2 3 3 3 3 3 
3 3 3 3 3 2 
2 131 3 83 26 3 
35 3 43 3 39 3 
11 31 55 3 34 2 
42 3 46 3 31 2 
3 3 3 3 3 2 
2 63 3 46 3 3 
15 6 18 3 34 2 
3 3 3 3 23 2 
54 6 10 3 3 3 
3 3 59 3 43 2 
3 3 3 3 3 2 
2 3 3 3 3 22 
3 42 3 39 3 30 
26 3 3 70 3 38 
3 91 3 66 3 39 
19 3 22 3 39 2 
3 3 47 3 38 2 
3 3 3 3 3 2 
3 42 15 18 39 2 
3 3 3 3 3 2 
39 3 51 3 3 3 
3 3 31 3 35 3 
3 3 3 3 3 2 
10 10 43 3 50 3 
14 3 3 30 2 27 
3 82 3 47 3 27 
42 3 26 3 30 2 
3 3 10 3 82 2 
3 3 3 3 11 19 
3 3 86 3 3 47 
127 139 46 470 94 18 
3 42 3 47 3 27 
50 3 62 3 26 3 
39 3 27 3 3 6 
3 54 3 47 3 3 
3 3 3 3 3 2 
54 3 66 3 51 6 
3 14 3 34 3 22 
10 18 3 63 3 55 
7 30 47 3 7 3 
11 35 3 3 3 2 
3 34 3 43 31 6 
27 3 35 3 3 3 
3 42 3 43 3 19 
34 3 43 3 11 19 
3 3 3 3 3 2 
3 7 3 3 3 2 
59 3 50 3 3 2 
3 3 3 3 3 7 
3 67 3 46 3 22 
2 3 3 3 3 3 
3 3 3 3 3 3 
47 3 3 38 3 50 
3 3 3 10 3 14 
3 3 3 31 3 15 
3 46 3 50 47 3 
3 3 3 3 3 3 
7 26 3 51 3 18 
26 3 3 3 3 3 
3 106 3 27 3 19 
43 3 54 3 23 15 
3 42 3 54 35 3 
3 46 3 75 3 30 
3 3 3 3 3 2 
35 3 42 3 22 7 
3 3 3 3 3 2 
43 3 38 3 35 2 
2 47 42 3 11 2 
3 3 3 3 3 2 
3 3 3 3 3 3 
3 3 3 71 3 23 
6 3 67 3 18 10 
3 3 3 3 2 6 
3 3 3 3 3 2 
3 3 3 3 3 19 
2 3 3 14 3 22 
3 3 3 3 3 3 
11 3 55 3 47 3 
3 3 3 3 3 2 
3 43 3 23 3 2 
3 3 3 3 3 2 
2 3 3 3 3 2 
3 66 14 19 43 2 
43 3 18 18 3 15 
3 3 3 3 3 2 
3 15 3 39 2 26 
3 43 3 3 3 2 
38 3 3 10 3 35 
2 3 3 3 3 3 
3 3 3 3 3 6 
43 3 38 3 39 2 
26 3 3 3 3 2 
3 3 3 3 3 2 
3 71 3 83 3 11 
3 3 3 3 3 3 
3 50 3 59 3 23 
51 3 63 3 35 3 
3 3 30 3 47 2 
47 3 38 3 3 22 
6 47 63 3 47 3 
3 3 3 3 3 2 
3 51 3 3 3 2 
3 3 3 3 3 2 
2 50 14 15 38 3 
2 39 3 62 27 6 
10 3 3 3 3 2 
3 43 3 34 3 2 
18 19 3 34 3 18 
3 3 54 3 47 6 
3 3 3 3 3 2 
2 46 3 111 3 30 
3 3 3 3 10 2 
3 3 3 3 3 2 
3 75 3 63 3 19 
42 3 35 3 50 2 
50 3 54 3 3 39 
3 3 3 31 3 14 
3 3 3 3 3 2 
31 3 59 3 58 7 
2 11 10 46 119 2 
3 3 3 3 3 2 
3 3 19 3 26 2 
3 3 3 3 3 2 
47 3 31 22 3 19 
3 67 2 39 31 2 
2 3 3 3 3 2 
31 3 46 3 26 3 
46 3 43 14 3 22 
67 3 58 3 43 2 
2 3 3 3 3 3 
3 3 3 30 3 27 
38 326 3 2 3 2 
3 3 3 3 3 2 
3 31 3 3 3 2 
23 3 3 47 3 27 
3 3 27 3 27 2 
47 3 22 3 35 3 
30 3 38 3 3 3 
23 3 35 3 6 2 
3 71 39 3 3 2 
3 3 3 3 3 27 
3 3 3 3 3 3 
63 3 38 3 3 34 
3 43 18 30 38 2 
3 114 7 43 67 2 
3 3 3 19 3 2 
23 46 3 27 3 3 
47 3 38 3 26 3 
3 3 3 3 3 6 
82 3 2 50 2 39 
3 50 3 26 3 6 
3 3 3 3 3 2 
2 3 3 3 47 2 
3 38 14 15 26 3 
46 3 10 34 3 23 
74 3 46 3 58 2 
39 3 70 3 46 2 
3 3 3 3 3 2 
2 3 3 3 3 2 
3 3 3 3 3 18 
3 3 7 3 50 2 
3 3 3 3 3 2 
3 3 3 3 3 2 
2 3 3 3 3 2 
3 70 23 7 15 3 
34 3 58 3 3 3 
22 3 3 303 3 54 
3 39 3 51 3 14 
3 3 3 3 3 2 
3 3 3 3 3 2 
43 3 58 3 42 2 
10 15 3 46 3 11 
3 31 3 51 3 27 
2 3 3 3 3 2 
2 11 3 3 3 2 
67 3 38 3 39 3 
3 3 11 3 3 2 
123 3 74 6 47 2 
2 3 3 3 31 2 
3 3 3 3 3 2 
3 3 3 3 3 2 
3 3 3 3 3 2 
43 3 3 34 3 15 
3 59 3 103 3 6 
3 79 2 55 7 10 
42 3 47 3 19 31 
42 426 30 567 26 91 
3 3 3 3 3 2 
2 3 3 35 3 2 
3 3 3 3 3 3 
3 3 11 3 3 2 
3 3 3 3 3 3 
3 6 3 54 3 31 
3 3 3 3 3 59 
2 19 3 3 3 3 
3 38 3 54 3 26 
2 3 3 3 3 3 
3 3 11 3 22 2 
3 107 3 147 3 31 
54 3 34 3 50 3 
2 110 2 102 3 3 
22 3 111 3 102 2 
3 34 3 70 3 34 
19 30 79 3 50 3 
3 3 3 3 3 2 
3 3 3 3 3 2 
3 3 3 3 3 15 
3 3 3 3 3 2 
2 3 3 3 3 3 
3 3 3 10 3 50 
3 38 3 47 3 10 
3 3 3 3 3 2 
2 3 3 35 3 18 
3 3 3 3 3 3 
46 3 51 3 27 2 
3 51 3 54 3 34 
11 3 51 3 43 2 
3 3 3 3 3 3 
3 51 3 38 3 15 
2 30 2 39 30 3 
2 3 3 3 3 3 
3 3 3 3 3 2 
3 3 3 3 3 2 
3 39 3 47 3 22 
58 3 14 7 3 11 
3 3 3 3 3 2 
3 38 3 43 50 3 
3 54 3 22 31 2 
3 59 3 71 3 35 
3 70 2 3 14 3 
3 3 3 3 2 6 
98 3 34 3 23 2 
2 3 3 3 3 3 
2 3 3 3 3 2 
3 3 3 3 7 2 
3 58 3 51 3 2 
6 3 3 3 3 2 
3 3 3 3 3 2 
46 3 67 3 51 2 
19 2 58 3 47 2 
3 6 19 3 50 2 
3 3 3 2 3 34 
3 38 15 43 3 2 
3 34 3 39 3 38 
3 63 3 78 3 42 
3 3 39 3 66 2 
3 3 3 3 3 2 
55 3 118 3 26 2 
62 3 18 26 3 38 
43 3 43 3 38 3 
2 19 3 26 3 6 
3 3 3 3 3 2 
3 3 3 3 3 2 
2 6 6 3 62 3 
3 3 3 71 42 6 
3 3 3 3 3 2 
43 3 51 3 23 2 
3 3 3 3 3 3 
2 3 3 3 2 3 
3 47 3 6 3 2 
3 3 3 3 3 2 
27 3 27 3 15 7 
10 23 43 3 11 2 
3 3 3 3 3 2 
22 2 55 3 6 2 
3 3 3 3 3 2 
3 3 3 3 3 2 
27 3 63 3 27 2 
6 3 3 3 6 2 
3 3 3 19 3 26 
3 3 3 3 3 15 
50 3 38 3 42 2 
3 18 3 42 22 6 
3 3 3 10 3 27 
35 3 39 3 38 2 
3 38 3 59 3 18 
3 3 3 54 3 14 
3 59 6 3 99 3 
6 3 18 3 19 3 
3 31 3 3 3 2 
3 43 3 70 3 7 
2 62 3 39 3 23 
51 3 47 3 27 10 
3 35 55 3 47 3 
3 90 3 54 3 31 
35 3 14 23 3 18 
3 3 3 3 3 2 
3 3 38 3 38 2 
3 3 3 3 3 2 
3 3 3 3 3 7 
3 3 35 3 6 3 
3 14 3 99 43 3 
14 3 43 7 3 51 
30 3 11 19 3 18 
3 70 70 3 26 2 
3 66 3 58 3 22 
3 3 3 6 3 2 
2 3 3 3 3 3 
3 27 3 67 3 26 
43 3 47 3 22 3 
51 3 62 3 3 2 
3 3 3 130 3 3 
19 3 47 3 3 27 
46 3 50 3 46 2 
7 3 3 23 79 10 
3 3 3 55 3 42 
3 6 3 70 3 35 
3 82 3 23 11 22 
3 51 3 54 3 7 
3 3 3 3 3 2 
3 10 3 39 7 15 
3 63 3 30 3 2 
3 3 3 3 3 2 
23 3 39 3 26 3 
11 11 3 3 3 2 
2 3 3 3 3 2 
3 3 3 3 3 2 
3 3 3 3 3 2 
26 3 3 3 3 2 
3 6 3 31 3 15 
2 3 3 3 3 2 
3 3 19 3 54 2 
58 3 43 3 63 3 
47 3 54 3 31 2 
3 3 3 3 3 2 
43 3 30 3 47 2 
3 3 3 3 3 2 
26 3 3 3 3 2 
3 3 3 3 3 3 
15 10 47 3 42 2 
2 3 3 3 3 3 
50 3 63 3 39 2 
51 3 26 14 3 26 
3 18 3 55 35 3 
3 3 3 3 3 2 
3 3 3 3 3 2 
3 3 3 3 3 2 
3 38 3 87 3 26 
34 3 46 3 3 7 
10 31 3 82 3 11 
30 3 35 3 18 2 
26 3 58 3 23 2 
2 3 3 3 3 3 
3 3 3 71 3 30 
3 50 10 50 31 2 
3 3 3 3 3 2 
3 46 3 47 3 6 
2 19 3 74 27 7 
46 3 3 3 3 2 
2 38 3 71 3 30 
86 3 3 3 3 2 
3 3 3 3 3 2 
3 50 43 18 38 2 
2 3 3 3 3 3 
3 3 3 3 14 3 
70 3 30 3 42 6 
50 3 42 3 35 7 
3 62 3 34 3 2 
18 26 3 35 3 7 
3 3 6 3 30 2 
3 3 3 6 3 22 
50 3 54 3 42 2 
2 3 3 3 3 2 
39 3 31 3 34 2 
3 3 3 3 2 7 
34 3 18 42 2 43 
3 34 3 42 10 7 
3 3 3 3 3 15 
3 46 3 54 3 14 
3 3 3 3 3 2 
59 3 3 50 3 22 
46 3 247 3 3 2 
18 2 3 23 3 2 
31 3 3 3 3 2 
3 30 3 39 3 27 
27 3 7 35 3 18 
3 3 3 18 3 30 
63 3 26 47 3 27 
3 38 3 31 3 23 
3 19 3 30 3 2 
2 50 3 75 3 23 
14 3 50 3 30 3 
2 3 27 3 19 3 
3 3 3 3 3 3 
2 3 3 3 3 18 
3 35 3 34 27 10 
3 3 3 3 38 3 
3 6 3 23 3 10 
30 3 66 3 27 35 
3 3 30 3 50 2 
42 3 11 3 3 2 
63 3 34 3 3 19 
3 50 14 54 46 2 
3 3 3 3 3 23 
3 51 3 11 3 2 
3 3 3 3 3 2 
3 3 3 3 3 3 
38 3 46 3 26 2 
3 3 19 3 58 2 
3 79 62 27 46 3 
3 59 3 46 3 15 
2 3 35 3 30 3 
3 67 14 339 139 7 
3 3 39 3 46 2 
3 3 14 3 34 2 
26 3 42 3 50 2 
3 11 50 3 31 2 
3 42 3 67 3 27 
55 3 15 27 3 27 
30 3 43 3 31 2 
3 46 3 3 3 2 
3 38 30 26 42 2 
3 91 3 119 3 2 
3 31 3 63 42 2 
58 3 51 7 3 35 
3 3 3 3 3 2 
3 50 10 7 27 2 
15 3 62 3 39 2 
2 86 3 75 3 23 
3 3 11 3 74 2 
2 3 3 3 3 2 
18 31 38 3 39 2 
3 3 3 74 3 23 
34 19 31 10 58 2 
3 3 10 3 35 3 
6 63 3 63 10 11 
3 14 3 55 3 30 
3 30 3 11 3 2 
3 55 3 31 3 22 
38 7 3 23 3 19 
3 10 3 90 67 2 
2 50 27 7 42 2 
3 3 11 3 63 2 
2 3 3 3 3 3 
3 3 3 3 3 2 
3 3 3 3 3 6 
55 3 3 3 3 2 
11 3 54 3 63 2 
3 43 3 3 3 3 
3 75 3 74 3 7 
3 3 3 27 3 2 
3 39 3 39 3 18 
90 3 6 30 3 30 
3 3 3 3 3 3 
2 39 3 19 19 2 
55 3 22 10 3 26 
3 3 3 3 3 2 
3 3 30 3 2 2 
3 42 3 10 30 2 
42 3 10 14 3 19 
43 3 50 3 27 2 
3 39 3 34 38 2 
35 3 18 3 3 3 
51 3 31 7 3 23 
3 34 3 51 3 14 
3 3 3 3 3 2 
3 3 63 3 35 2 
3 3 3 3 3 2 
2 66 3 31 3 3 
54 10 63 3 3 2 
63 3 3 3 3 2 
2 42 3 71 3 23 
43 3 10 3 3 3 
2 3 3 3 3 2 
3 38 3 26 3 34 
3 3 3 3 3 2 
3 43 3 42 3 34 
3 3 11 3 22 3 
3 39 3 54 3 127 
3 51 3 46 3 50 
86 3 54 3 3 2 
30 3 3 42 3 39 
63 3 22 3 3 2 
2 3 3 3 3 3 
2 3 3 3 3 2 
3 3 3 27 3 14 
3 43 3 50 3 22 
3 3 3 3 3 26 
2 3 3 3 3 3 
3 27 3 31 3 18 
39 3 34 3 6 2 
3 3 3 3 7 14 
3 3 3 3 3 2 
3 26 3 15 3 2 
42 3 7 38 2 26 
3 62 3 3 2 2 
3 62 14 46 50 2 
3 63 3 27 31 11 
3 3 3 2 3 2 
58 3 31 3 38 2 
3 34 3 47 42 2 
3 62 3 10 3 2 
3 3 3 3 3 3 
3 23 3 30 3 7 
3 6 3 3 3 3 
3 3 3 3 3 2 
3 3 3 3 3 14 
3 50 3 58 3 23 
14 6 71 3 35 2 
82 3 127 2 7 18 
11 3 38 3 6 15 
3 3 3 3 3 2 
11 18 54 3 34 2 
3 3 3 3 3 22 
34 3 38 3 3 30 
3 3 3 19 3 23 
47 2 3 70 3 19 
23 3 3 3 3 2 
2 51 3 63 3 43 
3 7 3 31 3 22 
3 3 3 30 3 23 
3 3 3 3 3 2 
2 3 3 30 3 18 
3 3 3 3 3 2 
3 26 3 63 3 18 
3 3 3 3 3 2 
3 3 3 3 3 3 
42 3 47 3 3 2 
3 51 19 14 34 3 
55 3 3 18 3 2 
3 3 134 3 3 2 
2 3 3 3 3 2 
3 43 3 82 3 19 
47 3 42 3 46 6 
55 3 27 2 3 22 
3 54 3 31 3 34 
3 3 3 3 27 2 
3 10 3 3 3 2 
3 54 14 47 38 2 
3 3 3 26 6 19 
3 62 3 30 3 2 
31 3 2 35 3 27 
3 3 3 3 3 2 
3 3 3 3 3 2 
3 66 3 71 3 30 
38 3 87 3 2 2 
39 3 50 3 26 7 
3 3 3 3 3 2 
23 19 3 39 3 18 
3 111 3 74 3 15 
3 38 3 58 3 35 
3 3 3 3 3 2 
3 18 3 23 3 2 
3 3 3 3 38 2 
3 50 3 27 3 11 
3 3 3 3 3 2 
3 58 15 31 102 2 
26 3 39 3 38 3 
18 3 14 3 3 3 
3 38 3 30 3 18 
46 3 50 2 3 23 
7 3 7 119 3 2 
2 47 30 22 18 2 
51 3 3 3 3 2 
3 3 3 3 3 2 
3 35 3 26 3 11 
3 3 14 3 66 2 
3 59 3 75 3 62 
3 3 7 3 22 3 
3 3 3 59 15 11 
30 87 3 42 3 3 
3 3 3 3 3 2 
10 3 62 6 3 50 
10 3 62 3 10 15 
3 43 3 31 3 2 
3 35 3 3 3 2 
3 3 3 335 3 75 
3 3 6 3 46 2 
3 3 3 3 3 2 
3 3 3 3 3 2 
27 3 47 3 47 3 
3 3 3 3 3 2 
50 3 51 3 39 3 
3 42 3 54 3 38 
3 43 3 43 27 7 
47 3 58 3 31 2 
3 3 3 3 27 2 
58 3 50 3 30 15 
3 3 3 3 3 2 
3 23 3 59 26 3 
27 3 30 3 46 2 
3 3 3 3 3 2 
3 43 3 43 35 6 
3 3 3 3 3 2 
35 3 6 27 3 78 
3 3 3 22 3 18 
3 70 18 31 63 2 
3 39 3 43 3 46 
22 3 46 3 22 2 
39 3 31 3 47 2 
3 43 3 59 3 15 
3 55 3 38 3 27 
2 67 3 34 3 22 
30 3 35 3 27 3 
3 3 3 3 3 2 
3 55 3 39 3 19 
19 3 47 3 35 3 
2 3 3 3 3 2 
3 47 3 54 26 14 
3 46 3 83 3 6 
3 38 3 50 3 22 
3 3 3 3 3 10 
3 39 55 3 26 3 
3 58 3 55 2 23 
34 3 70 3 3 31 
27 3 31 3 39 2 
30 22 3 59 3 46 
3 3 3 3 3 3 
2 3 3 3 3 2 
3 3 3 3 3 2 
2 2 3 3 3 2 
2 126 3 86 34 6 
3 39 2 38 50 2 
3 3 3 3 3 2 
3 86 3 47 59 2 
15 31 3 35 3 3 
3 31 3 62 3 27 
3 35 15 26 46 2 
6 14 3 59 3 27 
11 3 26 3 19 2 
3 2 3 31 3 26 
39 3 2 3 3 2 
3 3 3 3 3 2 
3 59 3 27 3 2 
22 3 3 3 3 3 
46 3 2 3 3 2 
3 3 62 3 15 6 
3 22 3 58 18 2 
2 3 3 3 186 3 
3 31 3 27 3 14 
3 27 3 34 3 23 
2 3 3 3 3 3 
34 3 23 3 3 3 
3 11 3 31 3 23 
3 3 3 3 3 3 
3 3 3 3 3 2 
26 11 3 107 3 34 
2 3 3 3 3 2 
39 3 42 3 3 2 
3 3 39 3 3 22 
19 26 46 3 3 2 
3 26 3 39 39 2 
2 3 26 3 79 3 
3 3 3 3 31 2 
3 3 3 3 3 11 
54 3 30 3 3 2 
3 3 3 3 3 2 
3 98 31 23 31 2 
35 3 34 3 34 2 
3 3 3 3 3 2 
31 3 71 3 3 30 
30 6 34 3 7 2 
31 3 35 3 34 3 
3 3 3 3 3 3 
2 3 3 3 3 3 
3 7 3 47 3 46 
3 3 7 3 67 3 
42 3 39 3 3 11 
6 31 50 3 55 3 
42 3 54 3 34 2 
39 3 34 3 42 3 
3 46 3 74 3 19 
3 42 26 34 27 3 
3 3 3 3 3 3 
30 7 55 3 39 3 
11 130 3 51 3 2 
42 3 35 3 7 23 
2 3 3 3 3 2 
26 3 39 3 35 2 
2 3 3 3 3 2 
31 39 3 150 63 75 
23 3 103 3 30 7 
3 3 3 3 3 2 
3 38 3 39 3 22 
54 3 43 3 3 2 
3 3 3 3 3 3 
3 66 31 3 46 2 
3 3 3 55 3 22 
3 27 110 3 138 3 
55 3 82 3 19 2 
58 3 47 11 3 31 
3 66 22 6 18 2 
34 3 54 3 2 19 
3 26 3 42 3 43 
2 3 3 3 2 2 
3 71 59 18 35 2 
2 10 50 3 51 2 
3 50 3 38 30 3 
35 3 22 3 3 10 
51 3 62 3 47 2 
3 3 3 19 3 31 
3 3 3 3 7 2 
42 3 50 3 35 2 
67 3 46 3 3 2 
3 47 3 31 3 23 
3 26 3 35 3 34 
3 3 3 3 70 3 
3 34 3 26 3 19 
3 3 3 3 3 11 
3 3 3 3 3 2 
3 59 3 46 3 23 
3 3 3 3 3 2 
3 46 3 58 3 26 
19 3 55 3 18 6 
3 3 3 3 3 18 
3 3 3 3 3 22 
2 35 3 43 27 11 
3 26 31 3 34 2 
3 34 3 39 3 14 
2 3 35 3 43 6 
3 3 3 3 3 2 
3 3 3 26 3 15 
3 67 3 27 39 2 
3 3 23 3 3 3 
27 3 3 3 3 2 
3 3 3 3 3 3 
3 7 3 3 3 2 
6 46 3 50 3 31 
2 62 3 71 3 7 
3 3 3 3 3 2 
3 3 3 3 3 11 
14 11 3 62 3 34 
3 3 3 3 3 11 
63 3 54 3 34 7 
3 103 3 3 3 3 
3 3 3 3 3 2 
46 3 26 19 3 26 
2 3 3 3 3 2 
3 30 3 26 3 2 
3 35 7 7 30 2 
31 3 47 3 39 6 
3 3 3 3 3 2 
11 30 3 62 3 27 
3 50 11 10 15 2 
3 3 3 3 3 2 
3 11 3 3 3 2 
3 58 3 95 3 30 
2 66 42 26 51 2 
3 38 3 62 3 7 
11 115 18 6 3 3 
3 3 3 3 3 2 
2 3 42 3 7 11 
2 3 3 27 3 30 
3 3 3 3 3 2 
15 3 14 3 3 2 
2 39 3 11 3 3 
2 3 23 3 31 3 
15 3 3 3 3 2 
3 58 3 3 3 2 
3 3 3 3 2 2 
70 3 51 3 14 2 
3 3 3 3 3 2 
3 3 3 3 3 2 
3 3 3 3 3 2 
2 3 3 3 3 22 
3 3 3 3 3 2 
7 3 3 3 3 2 
3 3 3 3 3 2 
3 3 27 3 3 3 
63 3 19 26 3 14 
2 39 3 31 3 14 
31 3 35 3 51 2 
3 43 3 47 3 18 
38 3 42 3 39 2 
3 3 3 3 3 2 
3 26 3 22 22 2 
3 3 3 15 3 39 
47 3 3 27 6 38 
3 43 3 39 2 14 
30 3 3 3 3 3 
63 3 2 3 3 2 
3 3 3 3 3 2 
3 62 3 63 3 19 
2 54 3 34 6 15 
3 3 3 3 3 2 
3 30 14 22 31 3 
3 30 3 34 3 19 
3 3 3 3 3 2 
34 2 58 3 30 3 
66 3 30 3 3 2 
59 3 50 3 38 10 
38 3 42 3 3 47 
3 38 3 47 3 22 
3 3 3 3 3 2 
82 3 6 3 3 2 
14 3 66 2 3 15 
3 102 7 3 86 2 
38 3 42 3 27 3 
3 111 3 78 3 26 
3 3 3 3 3 3 
43 3 31 3 42 2 
2 3 3 3 3 2 
2 3 3 10 3 38 
43 3 39 3 34 2 
3 3 3 3 3 2 
23 10 3 42 3 27 
3 15 3 3 3 2 
30 3 18 3 31 2 
3 54 19 39 38 2 
3 23 3 31 3 19 
51 3 3 26 3 42 
3 3 3 3 3 2 
3 3 14 3 27 2 
3 3 3 3 3 2 
3 23 3 55 3 35 
2 6 3 158 3 46 
26 3 3 3 3 3 
3 6 3 3 3 2 
15 30 3 87 3 11 
2 3 3 19 3 3 
3 3 3 3 3 2 
38 3 26 10 3 23 
18 19 70 3 47 2 
30 3 3 3 3 2 
3 3 3 19 3 2 
3 3 3 31 3 26 
39 6 3 35 3 11 
3 3 3 3 3 2 
3 3 3 3 3 2 
3 3 3 3 3 2 
34 3 26 6 3 38 
3 62 3 67 3 26 
3 3 3 54 3 19 
55 3 35 3 54 3 
3 46 3 35 3 26 
6 3 3 3 3 2 
31 3 50 3 26 3 
3 3 3 35 3 38 
3 3 3 3 3 2 
3 3 3 3 3 3 
3 3 19 3 3 2 
2 126 3 94 3 42 
3 3 3 3 3 2 
3 3 3 3 3 2 
3 3 3 3 3 2 
30 3 111 3 7 2 
2 3 3 3 3 6 
63 3 18 22 3 31 
3 3 3 75 3 2 
10 3 30 3 123 2 
2 46 3 27 3 22 
3 3 3 3 3 2 
3 3 3 3 18 2 
66 3 34 3 3 35 
3 3 3 6 3 3 
39 3 10 3 3 3 
3 3 3 3 3 15 
3 3 3 3 3 2 
34 3 66 3 26 2 
6 3 3 3 3 2 
3 3 3 3 3 2 
54 3 31 3 34 2 
46 3 3 54 3 26 
3 3 3 3 3 2 
2 35 3 34 30 3 
3 3 3 3 3 2 
43 3 95 3 38 2 
3 3 3 3 3 15 
3 14 3 55 3 22 
3 3 3 3 3 2 
47 3 22 14 3 15 
2 63 3 42 3 18 
34 3 38 3 38 2 
38 3 26 22 3 30 
3 50 3 63 3 18 
3 3 3 3 3 2 
10 66 55 3 58 2 
3 11 3 30 3 18 
54 3 26 3 6 2 
3 3 2 3 35 2 
3 3 3 3 3 2 
3 42 3 42 3 6 
2 3 3 3 3 2 
3 59 27 42 39 2 
3 3 3 3 7 2 
3 3 3 3 3 2 
3 147 3 87 3 31 
7 3 43 3 46 3 
3 3 3 110 3 42 
31 3 3 3 3 2 
3 31 3 38 3 7 
3 3 3 3 3 2 
3 62 10 30 78 6 
11 3 27 3 78 2 
2 50 3 3 3 3 
3 3 3 2 3 23 
38 3 43 3 54 2 
3 3 3 3 3 3 
6 27 3 42 3 23 
3 34 3 23 3 2 
3 6 3 3 3 2 
3 34 3 27 3 26 
3 35 3 79 3 31 
7 3 54 3 23 19 
3 55 3 18 3 2 
35 3 7 34 3 18 
55 3 59 3 3 19 
3 3 3 3 3 2 
3 3 3 3 34 2 
2 43 3 75 6 19 
3 62 3 50 3 26 
39 3 18 3 3 2 
3 34 3 31 3 15 
3 34 3 23 26 2 
3 3 3 3 31 3 
342 3 59 3 3 3 
2 3 3 3 3 3 
2 3 3 3 3 2 
34 3 38 6 3 22 
3 3 3 3 3 3 
3 3 14 3 31 2 
22 3 50 3 35 3 
39 3 106 3 3 2 
3 3 3 3 3 2 
3 3 3 3 3 3 
3 39 3 59 3 30 
2 3 11 3 3 2 
3 14 3 46 10 18 
38 3 71 3 38 3 
3 3 18 3 39 3 
6 3 3 3 3 2 
3 3 3 3 3 2 
3 3 3 3 3 2 
3 3 3 3 19 2 
3 3 3 3 3 3 
3 3 3 3 3 10 
3 3 50 3 47 2 
14 14 47 3 27 2 
3 3 39 3 22 11 
3 3 35 3 34 2 
3 15 3 91 2 6 
43 3 31 3 43 2 
3 3 3 3 22 2 
3 46 3 23 3 43 
3 3 3 3 46 2 
3 3 3 3 3 2 
3 47 3 30 3 14 
22 3 42 3 14 11 
3 3 3 3 3 2 
2 3 3 3 3 3 
3 3 3 3 3 3 
3 14 3 3 3 2 
2 46 3 46 3 2 
3 3 3 3 3 3 
3 47 3 42 22 3 
15 3 31 3 3 35 
27 3 50 3 14 11 
3 11 3 3 3 3 
38 3 55 3 3 2 
3 3 3 3 3 2 
11 3 3 3 3 2 
3 3 3 3 3 2 
2 3 3 3 3 7 
3 39 3 83 3 34 
3 75 3 58 3 14 
34 3 47 3 10 10 
3 39 3 51 3 43 
3 151 3 643 11 2 
66 3 79 3 14 19 
3 3 458 3 3 3 
3 3 3 3 3 2 
2 10 3 3 7 2 
3 3 3 3 3 7 
3 39 3 7 3 2 
43 3 38 3 3 38 
2 3 3 3 3 2 
2 18 3 42 3 27 
70 3 3 3 3 51 
3 3 3 3 3 2 
51 3 14 3 3 2 
78 3 67 3 26 2 
2 3 3 3 3 3 
27 3 31 3 3 18 
91 3 46 3 71 2 
3 3 3 3 3 2 
3 3 3 10 3 18 
3 3 42 3 58 2 
3 3 10 3 46 2 
3 3 3 3 3 2 
3 2 3 3 3 2 
3 3 3 3 3 2 
2 18 3 31 30 3 
18 3 35 3 38 7 
6 6 3 46 3 27 
2 3 3 3 3 2 
3 51 3 43 3 38 
58 3 15 3 3 3 
2 47 3 31 3 22 
15 3 3 3 3 2 
3 59 3 59 3 19 
3 3 3 3 3 3 
3 3 3 3 3 2 
3 35 22 15 58 2 
42 3 27 3 3 3 
2 39 3 50 7 18 
3 3 47 3 26 2 
3 75 3 46 3 19 
46 3 54 3 39 2 
3 3 3 3 3 26 
38 3 74 3 51 2 
3 3 3 3 3 18 
3 42 3 62 3 3 
15 3 27 3 22 2 
35 3 55 3 3 2 
3 6 3 3 3 2 
23 3 58 3 46 3 
3 3 3 3 3 2 
3 82 3 6 3 2 
3 55 3 31 3 23 
3 42 3 510 3 7 
31 3 35 3 10 11 
31 6 54 3 6 2 
19 6 51 3 43 3 
3 3 11 3 50 2 
86 3 54 3 54 2 
98 3 22 30 3 27 
3 27 3 42 3 22 
2 3 3 3 3 3 
23 3 51 3 51 2 
66 27 6 14 11 7 
58 3 35 3 19 6 
3 3 7 3 35 2 
47 3 46 3 15 14 
2 3 3 3 3 2 
3 3 3 3 3 2 
42 3 30 3 50 3 
3 111 2 79 3 27 
3 43 3 43 3 11 
3 3 59 3 79 3 
3 3 3 3 3 2 
3 3 3 3 3 3 
3 59 23 22 39 2 
3 3 3 3 3 2 
3 55 14 18 39 2 
51 3 23 14 3 34 
3 42 3 79 3 2 
7 3 3 3 3 2 
31 3 31 3 78 2 
3 3 3 27 3 18 
2 3 3 3 3 2 
18 18 3 58 3 6 
3 3 3 3 3 2 
3 3 19 3 50 2 
3 3 51 3 70 2 
2 3 3 3 3 3 
27 3 26 3 39 2 
3 14 3 3 3 2 
35 3 38 3 22 2 
3 3 3 3 3 2 
2 3 3 3 3 26 
87 2 19 23 3 18 
7 6 34 3 26 2 
3 38 3 31 15 15 
42 3 34 3 3 3 
2 3 3 3 3 31 
2 62 3 50 11 14 
31 3 58 6 27 2 
3 38 3 55 3 15 
3 46 3 71 3 22 
3 31 31 11 42 3 
2 3 3 3 3 2 
3 3 3 3 3 3 
34 3 50 3 26 2 
15 3 39 3 3 18 
3 74 3 3 3 2 
3 3 6 3 35 3 
3 3 3 3 38 2 
3 3 3 3 3 2 
3 3 15 3 87 2 
3 59 3 47 3 2 
31 3 3 3 3 2 
3 3 3 2 3 38 
3 3 3 3 3 2 
3 3 3 3 3 2 
3 3 3 3 3 2 
38 3 43 3 42 2 
2 3 3 42 3 31 
2 3 3 3 3 3 
3 3 3 3 3 3 
2 3 3 50 3 30 
3 35 51 14 43 2 
50 3 46 3 54 2 
46 3 6 3 3 2 
35 15 34 3 50 3 
30 3 51 3 3 22 
3 2 3 3 3 2 
2 3 3 3 3 2 
3 3 3 3 3 2 
258 86 90 46 39 3 
3 71 3 86 3 23 
3 3 3 50 3 38 
3 126 3 275 3 67 
2 3 3 2 3 3 
34 3 3 3 3 2 
10 34 3 3 3 2 
3 3 3 3 19 2 
2 3 3 3 3 7 
3 39 3 34 3 19 
3 3 3 3 3 2 
3 111 59 3 38 2 
47 3 54 3 3 14 
3 75 3 47 3 23 
3 55 11 23 35 2 
3 3 3 3 102 2 
3 7 39 3 47 3 
3 3 3 3 3 2 
6 3 54 3 18 18 
19 22 42 3 46 2 
3 3 3 3 3 2 
30 14 3 62 3 31 
10 3 43 3 30 3 
3 3 7 3 51 2 
3 3 3 3 3 2 
22 3 3 3 3 3 
3 34 3 35 3 31 
3 3 3 3 3 2 
79 3 46 3 43 3 
2 35 3 31 22 3 
19 3 34 3 35 3 
3 3 3 3 3 2 
10 3 3 3 3 2 
59 3 42 22 3 34 
3 3 3 3 3 2 
3 3 3 3 3 2 
3 3 3 3 3 2 
2 3 3 3 3 3 
3 3 3 3 3 2 
3 3 3 3 3 2 
3 3 3 3 3 2 
2 15 3 87 10 30 
3 3 3 3 3 2 
3 3 3 3 3 2 
3 7 3 63 3 2 
27 3 35 3 3 2 
3 82 3 59 3 2 
47 3 3 23 3 22 
35 3 59 3 55 2 
2 3 3 3 3 2 
3 59 3 46 3 31 
2 3 3 3 3 3 
30 3 35 3 47 3 
23 3 31 3 14 7 
3 3 3 3 3 3 
2 3 3 3 3 2 
2 3 3 3 38 3 
7 3 46 3 22 2 
15 3 42 3 35 2 
2 42 3 39 35 3 
10 14 10 3 3 2 
3 3 3 3 3 3 
43 3 18 3 30 3 
2 3 3 3 3 3 
3 3 3 3 3 2 
30 3 39 3 59 2 
3 3 3 3 3 2 
3 75 3 50 3 10 
3 50 3 3 3 2 
3 66 10 3 58 2 
27 3 22 3 27 3 
2 3 22 3 14 7 
3 3 3 3 3 2 
19 3 26 3 3 3 
3 42 27 19 26 2 
3 18 3 79 47 2 
55 3 3 71 3 19 
19 3 34 3 90 2 
3 3 3 3 3 2 
2 18 3 3 3 3 
3 3 3 3 3 2 
2 14 3 47 2 31 
2 3 3 3 3 6 
26 6 58 3 7 3 
3 66 3 3 3 2 
46 3 55 3 66 2 
3 3 3 3 3 2 
11 3 3 3 3 2 
26 3 42 3 14 2 
3 3 3 3 3 2 
3 3 3 31 3 14 
31 3 3 63 3 22 
43 3 46 3 23 2 
3 3 3 3 3 2 
3 3 3 3 3 3 
3 111 3 35 3 2 
26 3 3 3 3 3 
42 3 3 3 3 2 
3 47 3 18 3 23 
3 3 3 3 3 2 
3 3 3 3 3 2 
3 3 3 3 3 3 
50 3 31 3 2 3 
3 3 3 3 3 3 
3 3 3 3 3 2 
46 3 46 3 7 2 
3 30 3 34 3 18 
30 3 19 3 3 2 
3 3 47 3 38 6 
3 3 3 3 3 2 
2 3 3 3 3 3 
3 3 3 3 3 2 
35 3 10 14 3 27 
2 62 3 54 3 46 
18 3 26 23 3 15 
3 47 3 51 3 31 
3 3 3 59 11 23 
3 15 3 63 3 26 
30 3 3 3 3 2 
3 3 3 3 3 2 
3 3 47 3 35 3 
3 7 3 43 3 18 
54 3 54 3 62 2 
3 43 3 46 3 34 
3 55 6 34 43 2 
31 3 3 3 3 2 
3 3 3 3 3 2 
3 18 3 46 3 10 
43 3 50 3 19 3 
50 3 43 3 26 2 
3 3 3 3 3 3 
2 3 3 3 3 2 
3 3 34 3 22 6 
75 3 31 3 35 2 
3 59 35 10 39 2 
2 3 3 3 3 3 
3 38 3 34 3 14 
26 3 11 3 3 2 
3 3 3 3 3 2 
30 30 3 39 2 22 
66 3 39 3 42 2 
3 50 3 102 2 46 
3 3 3 3 3 2 
38 3 3 3 3 3 
3 55 19 7 90 2 
3 3 3 3 3 2 
11 3 3 3 3 2 
31 3 23 30 3 11 
3 3 3 3 3 3 
63 3 62 3 59 2 
23 3 3 59 3 19 
3 3 3 35 3 11 
3 3 22 3 34 2 
2 66 3 99 3 6 
3 30 75 3 19 2 
38 3 47 3 47 3 
18 3 39 3 3 23 
3 3 3 3 3 22 
3 58 3 50 18 14 
3 3 3 3 3 2 
3 3 3 3 43 2 
31 3 22 30 3 23 
3 3 3 3 3 2 
39 3 31 3 26 2 
3 3 3 3 38 2 
7 51 74 3 47 2 
3 3 3 3 3 2 
3 3 3 3 3 2 
3 3 3 3 3 2 
26 3 46 3 3 6 
3 3 3 54 3 35 
59 3 50 3 3 31 
3 86 3 66 3 15 
3 3 3 3 3 2 
3 139 54 3 54 2 
3 3 3 3 3 2 
3 3 3 3 3 2 
35 14 386 3 82 7 
6 39 3 39 3 26 
3 70 10 19 38 2 
10 22 71 3 10 2 
11 3 27 3 31 2 
35 3 54 3 38 3 
3 67 30 3 46 2 
3 30 34 3 15 2 
7 235 3 79 3 3 
2 54 3 58 7 23 
46 3 38 3 30 3 
2 3 3 3 3 3 
3 3 3 3 3 2 
22 3 23 3 27 2 
3 3 3 3 3 3 
3 74 3 34 51 2 
3 43 35 27 43 3 
3 3 3 3 3 2 
50 3 23 23 3 19 
30 3 38 3 35 3 
27 30 35 3 54 2 
3 3 30 3 27 2 
3 3 3 3 3 2 
3 3 3 3 3 2 
19 3 95 3 22 15 
3 54 3 54 3 35 
3 3 3 3 3 2 
50 3 10 63 3 22 
46 3 3 50 3 27 
43 3 55 3 38 2 
3 3 3 3 3 2 
2 3 59 3 67 3 
3 3 3 3 3 3 
27 3 59 3 18 2 
3 134 3 30 3 23 
47 3 34 3 22 2 
3 75 3 91 3 35 
3 47 3 59 3 35 
3 83 3 87 3 15 
3 3 3 3 3 3 
18 3 30 3 18 3 
3 22 26 26 31 2 
3 10 3 79 6 34 
51 3 47 3 7 22 
3 15 3 46 3 34 
3 58 3 50 3 42 
3 51 3 42 3 6 
3 75 3 47 51 2 
3 3 39 3 38 3 
2 59 3 59 2 31 
43 3 58 3 3 2 
3 3 3 3 3 3 
30 3 95 3 14 2 
3 3 3 3 3 2 
42 3 59 3 31 3 
3 3 3 3 3 2 
3 3 3 43 3 47 
70 3 14 22 3 43 
31 3 59 3 19 2 
3 111 3 154 3 3 
23 3 35 3 2 2 
31 3 26 2 2 34 
3 3 3 3 3 3 
2 3 3 3 3 3 
11 3 34 3 47 2 
3 3 3 3 3 2 
2 3 3 3 6 3 
3 3 3 3 3 3 
2 6 3 46 3 18 
3 3 3 3 3 3 
34 3 46 3 35 2 
3 3 3 23 3 18 
2 3 3 23 3 2 
3 3 3 3 3 2 
14 3 50 3 42 2 
82 3 2 3 3 46 
3 58 3 58 3 7 
3 35 3 63 3 22 
15 3 3 3 3 2 
3 3 3 3 3 2 
51 3 47 3 43 3 
2 3 3 3 3 3 
2 3 3 3 3 2 
3 74 3 27 3 2 
38 3 50 3 14 2 
47 7 74 3 3 3 
3 83 3 102 26 3 
3 58 3 67 3 27 
43 7 3 91 3 43 
3 66 3 34 3 23 
58 3 31 3 3 2 
79 3 58 3 31 7 
3 3 3 3 3 2 
3 58 3 6 3 3 
2 3 55 3 3 18 
7 3 3 3 3 2 
2 47 3 3 19 2 
3 3 3 3 3 2 
3 34 3 54 14 7 
3 19 3 55 3 27 
3 3 3 3 3 2 
3 3 3 3 3 2 
3 3 3 3 3 2 
47 3 66 6 23 2 
3 63 3 74 3 38 
11 3 71 3 62 3 
30 3 39 10 6 31 
3 18 3 3 3 2 
3 50 3 43 3 19 
43 3 67 3 3 3 
3 3 3 3 3 2 
3 3 3 3 3 2 
2 7 3 54 6 19 
3 3 3 14 3 26 
38 3 23 15 3 31 
3 27 34 3 26 2 
10 34 86 3 50 2 
3 3 3 3 3 3 
27 3 74 3 2 2 
50 3 31 3 31 3 
27 3 23 7 3 26 
34 3 62 3 26 2 
2 114 10 59 59 2 
3 14 3 26 7 19 
2 50 3 50 3 27 
3 3 3 3 3 2 
3 83 3 42 3 14 
3 22 3 11 3 2 
3 3 3 3 3 3 
42 3 39 3 35 3 
3 3 3 3 3 2 
6 11 3 47 3 27 
3 3 3 31 3 30 
46 2 3 51 3 26 
2 3 3 3 3 3 
3 3 3 3 3 2 
39 3 54 3 27 2 
3 3 3 3 3 2 
3 3 3 3 3 2 
3 3 3 3 3 2 
75 3 79 3 3 2 
51 3 99 3 39 2 
51 3 10 3 2 2 
3 50 3 67 3 11 
38 3 18 34 3 18 
3 82 43 3 51 2 
26 3 63 3 2 3 
2 58 22 22 31 2 
2 3 3 3 3 2 
3 14 3 78 19 10 
18 3 3 23 3 6 
3 3 3 3 3 2 
15 3 58 3 51 2 
3 3 3 3 3 2 
3 3 3 3 3 2 
3 10 3 39 27 7 
3 3 3 3 3 3 
3 42 3 31 3 10 
3 3 51 3 43 3 
3 99 3 38 3 7 
3 7 3 27 2 39 
38 3 174 3 23 2 
3 3 3 3 3 2 
3 3 3 3 3 2 
3 3 3 3 3 2 
27 22 62 3 30 2 
55 3 51 3 39 2 
38 3 35 3 38 2 
55 3 39 3 6 2 
3 3 3 3 3 2 
42 3 50 3 3 2 
22 3 30 3 2 15 
3 27 3 3 3 2 
2 51 10 34 26 2 
3 14 3 66 3 22 
3 42 3 35 3 31 
18 2 3 51 3 26 
3 3 3 3 3 2 
3 31 3 63 3 23 
39 3 26 3 3 2 
2 3 3 3 3 2 
3 62 3 3 3 2 
11 3 51 3 3 19 
30 3 67 3 50 2 
2 47 3 18 23 3 
3 3 3 3 3 2 
2 3 3 3 3 3 
58 3 31 3 22 2 
42 3 58 3 34 3 
3 31 10 55 3 19 
3 3 3 26 3 23 
3 38 59 3 10 3 
2 3 3 3 3 2 
3 59 3 62 3 19 
3 39 3 43 3 11 
3 47 3 27 3 31 
3 62 3 55 3 22 
135 3 3 3 3 3 
3 3 3 3 3 3 
38 3 62 3 3 3 
27 3 115 3 75 3 
3 6 10 3 22 2 
3 3 3 3 3 2 
3 3 3 3 3 2 
3 3 3 50 3 3 
3 42 3 35 3 10 
7 3 35 3 27 3 
30 3 51 3 3 22 
3 46 11 31 43 2 
3 3 3 3 3 2 
38 3 3 166 3 23 
3 3 3 3 3 2 
47 3 46 3 47 3 
3 3 3 3 3 2 
3 3 3 18 3 2 
2 3 3 3 3 2 
3 3 3 3 3 2 
3 3 3 3 2 2 
3 3 3 3 3 2 
3 39 3 59 18 7 
2 3 3 3 3 3 
3 3 3 3 3 2 
31 3 30 6 3 27 
50 3 42 3 38 2 
3 3 3 3 3 2 
3 3 3 3 3 2 
3 3 39 3 34 2 
3 15 3 3 3 3 
3 43 3 119 2 55 
3 26 3 39 3 22 
34 3 27 3 47 3 
30 3 3 3 3 2 
3 3 3 3 3 2 
2 46 30 19 31 2 
31 3 3 47 3 26 
62 3 71 3 47 2 
3 3 14 3 26 2 
34 46 3 11 3 2 
3 2 3 3 3 2 
3 3 3 3 3 2 
3 62 27 19 27 2 
3 34 3 39 3 38 
3 3 3 3 39 2 
3 14 3 50 50 2 
3 3 3 3 3 42 
27 3 3 3 3 2 
3 3 3 3 3 2 
43 3 42 3 27 3 
3 3 3 3 3 2 
31 3 86 3 11 3 
3 3 3 3 3 2 
3 3 3 3 3 3 
3 3 18 78 3 31 
3 14 3 3 3 2 
19 3 27 3 3 2 
3 3 3 3 3 2 
3 59 3 55 3 31 
3 26 3 54 11 11 
26 3 314 3 103 7 
3 78 3 22 3 2 
3 38 11 67 39 3 
3 3 3 3 3 2 
3 35 3 86 30 18 
27 3 3 91 3 26 
3 3 26 3 39 2 
3 26 3 34 3 15 
3 74 3 26 3 2 
3 70 27 38 26 3 
3 3 10 3 3 3 
3 3 31 3 46 2 
3 30 26 3 30 2 
2 74 3 11 3 2 
2 3 3 3 3 11 
3 3 3 6 3 22 
34 3 18 38 3 31 
3 3 3 47 3 18 
3 3 3 3 3 2 
3 3 62 3 42 2 
31 3 35 11 3 22 
3 3 3 3 3 2 
11 3 3 18 3 30 
3 71 3 55 3 30 
3 3 3 3 3 3 
3 3 23 3 39 2 
67 3 43 3 55 2 
3 26 3 67 3 38 
3 3 34 3 14 6 
55 3 47 3 47 3 
3 3 3 10 10 138 
3 3 3 3 3 2 
3 3 3 3 3 2 
3 3 3 3 3 2 
3 3 3 3 3 2 
2 3 3 3 3 3 
3 54 3 3 2 6 
3 3 3 3 3 2 
3 39 3 27 3 2 
3 62 31 3 7 2 
2 3 3 74 3 82 
6 3 3 3 3 2 
6 22 50 3 31 2 
3 3 3 3 3 2 
3 3 34 3 50 2 
3 3 3 3 3 2 
3 3 58 3 75 2 
3 79 3 34 43 2 
3 3 3 3 3 3 
39 3 39 3 34 2 
30 3 62 3 43 2 
26 3 55 3 6 30 
43 6 3 206 3 11 
58 3 51 3 50 2 
18 11 3 55 3 6 
2 3 3 27 3 23 
10 183 30 147 27 11 
3 3 3 3 3 2 
3 3 3 3 3 3 
3 3 3 3 3 2 
79 3 71 3 3 2 
3 3 3 3 3 2 
3 46 3 42 39 2 
3 3 3 3 3 3 
3 3 3 3 3 2 
54 3 30 3 3 2 
6 3 3 3 3 2 
3 3 3 3 3 2 
35 3 134 3 163 6 
2 19 3 27 2 15 
3 3 47 3 71 19 
26 3 38 3 6 18 
2 3 3 3 3 2 
2 3 3 3 3 3 
3 58 42 3 43 2 
3 3 3 3 3 2 
35 3 38 3 3 10 
2 3 3 3 3 3 
3 3 3 3 3 2 
3 71 19 15 54 2 
3 82 3 58 3 47 
30 3 15 26 3 19 
3 3 14 3 34 3 
3 38 3 10 3 2 
2 7 3 34 3 22 
43 3 50 3 11 2 
3 3 34 3 34 3 
3 3 42 3 18 2 
3 74 3 3 3 2 
2 3 3 3 3 3 
3 3 3 3 3 3 
3 71 3 38 3 15 
2 3 3 3 3 6 
3 3 3 3 3 2 
7 207 6 6 7 3 
3 3 3 3 3 3 
3 35 3 66 7 18 
3 19 15 6 11 2 
3 3 3 3 3 6 
19 19 34 3 23 2 
3 3 3 3 3 2 
3 3 3 3 3 2 
3 71 66 3 46 3 
3 3 3 3 3 10 
3 3 3 3 3 2 
3 62 71 3 38 2 
3 3 23 3 46 6 
3 3 3 3 3 2 
3 3 3 42 3 19 
3 3 3 62 3 11 
3 3 10 3 59 3 
7 31 3 27 3 19 
3 63 3 62 3 11 
3 3 3 3 3 2 
3 3 3 3 3 2 
3 31 3 34 3 23 
6 3 3 3 3 2 
2 55 50 3 47 3 
2 55 31 10 46 3 
2 3 3 3 3 3 
3 46 3 50 3 19 
3 3 3 3 3 3 
51 3 78 3 42 2 
3 3 3 3 3 2 
3 42 14 7 27 2 
7 18 35 3 63 3 
23 3 18 3 6 2 
3 3 3 3 3 7 
2 3 3 3 3 3 
2 3 3 3 7 2 
2 74 3 50 3 34 
3 2 3 38 3 22 
3 3 3 3 3 3 
3 3 3 3 3 2 
3 3 3 3 3 2 
3 62 3 42 3 2 
42 3 26 3 3 2 
3 66 3 91 34 7 
3 3 3 3 3 3 
3 3 3 3 3 2 
3 43 3 30 3 22 
3 43 3 50 3 22 
3 39 3 30 3 2 
3 3 3 3 3 2 
2 67 3 35 3 2 
3 3 3 3 3 2 
39 3 22 14 3 26 
3 3 3 3 3 2 
42 3 71 3 79 2 
3 3 3 3 3 2 
18 31 39 3 22 3 
3 3 3 3 3 2 
3 31 3 30 3 18 
3 54 22 3 30 2 
15 3 3 3 3 2 
3 3 19 3 38 3 
3 3 3 3 3 2 
3 3 3 3 39 2 
3 3 3 3 3 2 
3 39 3 58 3 34 
3 19 3 3 3 2 
3 3 3 3 3 2 
62 6 51 3 55 2 
2 3 3 3 3 2 
3 3 3 3 3 2 
3 26 50 3 26 3 
2 59 3 86 3 23 
3 27 3 10 3 15 
3 54 3 51 3 22 
3 23 3 59 10 14 
3 39 3 23 3 6 
3 3 3 3 3 2 
3 38 3 42 3 22 
2 78 3 131 3 3 
31 3 99 3 3 2 
46 3 51 3 47 2 
43 3 46 3 50 2 
2 58 3 54 3 18 
3 30 3 42 3 18 
18 3 59 3 7 15 
55 59 15 3 3 3 
7 3 39 3 34 2 
3 30 30 3 3 2 
3 3 3 3 3 2 
3 3 3 3 3 19 
19 3 46 3 30 3 
3 47 27 23 62 3 
18 3 58 3 3 31 
47 3 35 3 7 3 
3 30 3 38 3 35 
3 3 3 3 3 2 
2 3 3 3 3 2 
3 70 42 19 31 2 
27 6 3 15 7 31 
2 3 3 3 3 3 
35 3 62 3 46 3 
115 3 55 3 54 2 
2 3 3 3 3 10 
3 43 22 26 51 2 
3 3 3 3 3 3 
38 3 75 3 3 3 
3 38 3 22 3 10 
3 3 3 3 3 2 
3 3 3 3 3 2 
3 3 3 3 3 2 
3 3 3 3 3 2 
31 3 47 3 27 3 
7 3 3 2 3 7 
34 3 39 3 62 3 
3 6 23 3 6 3 
3 3 3 154 6 94 
38 3 46 3 31 2 
3 3 3 3 3 2 
46 3 43 3 27 3 
3 3 3 3 3 2 
3 3 3 3 3 2 
3 3 18 3 42 2 
3 3 3 3 3 2 
43 3 51 3 35 2 
2 3 3 3 3 2 
38 3 106 3 31 2 
35 3 31 3 14 2 
3 3 3 3 3 2 
11 14 51 3 3 2 
3 3 10 3 39 3 
3 46 3 22 3 2 
3 3 3 15 3 2 
2 3 3 3 3 2 
3 51 3 46 3 7 
3 46 3 3 3 2 
6 31 3 50 3 27 
3 3 3 3 3 2 
31 3 51 3 34 2 
3 34 3 26 3 18 
35 3 3 22 3 26 
3 3 3 3 3 26 
2 3 3 11 3 22 
58 3 31 3 3 2 
3 55 3 75 3 23 
3 3 3 3 3 2 
3 6 38 10 23 2 
3 38 3 54 3 23 
14 3 47 3 30 2 
3 3 3 3 3 2 
3 3 3 3 3 2 
3 3 3 3 3 2 
3 3 3 3 3 2 
30 10 71 3 6 2 
3 11 3 31 3 31 
3 3 18 3 7 2 
3 3 3 3 3 2 
42 3 39 3 30 2 
27 11 3 46 3 19 
2 30 3 35 6 19 
15 3 3 3 3 2 
7 27 3 31 3 11 
3 34 3 26 3 26 
26 3 3 59 3 19 
3 3 3 3 3 39 
30 3 3 3 3 2 
3 74 3 39 3 22 
34 3 47 3 47 2 
3 31 3 3 3 2 
3 11 3 55 3 26 
51 3 3 3 3 2 
30 7 3 46 3 19 
3 62 3 18 23 2 
34 3 58 3 3 2 
51 3 63 3 43 2 
18 3 3 34 3 30 
54 3 3 31 3 27 
3 3 3 39 3 22 
30 3 3 3 3 3 
3 3 15 3 39 2 
2 3 3 3 3 3 
3 63 43 3 39 2 
3 42 3 31 3 11 
3 3 3 3 46 2 
3 35 3 62 3 26 
34 6 66 3 10 2 
27 3 50 3 26 14 
3 11 3 30 2 6 
2 3 3 3 3 2 
3 3 3 3 3 2 
2 3 3 3 3 3 
51 3 38 3 30 2 
3 54 2 43 3 30 
3 3 3 3 3 7 
2 54 3 38 3 22 
2 190 3 55 79 3 
18 3 67 3 3 31 
51 3 74 3 39 6 
3 3 3 3 3 2 
3 3 3 3 3 2 
3 3 3 3 3 3 
343 323 210 10 15 2 
23 3 22 3 27 3 
3 3 3 3 3 2 
34 3 3 3 3 2 
3 3 3 3 3 10 
62 3 30 3 3 2 
2 3 3 59 6 11 
3 38 3 46 14 7 
18 34 3 59 3 31 
3 3 3 3 3 2 
3 3 3 47 3 22 
7 3 107 3 115 2 
3 3 3 3 3 2 
3 38 26 27 42 2 
3 3 3 3 3 2 
58 3 19 10 3 27 
3 55 3 38 3 38 
3 46 3 59 3 26 
3 3 3 3 3 2 
3 42 3 30 3 22 
19 22 58 3 94 3 
34 3 22 18 3 43 
3 66 3 34 3 19 
3 55 3 34 3 27 
55 3 66 3 3 3 
3 3 3 3 3 2 
3 3 3 3 3 3 
3 3 3 3 3 19 
3 3 3 3 34 2 
3 3 3 3 3 2 
3 3 3 3 3 2 
3 3 3 3 3 2 
3 3 3 3 3 2 
3 39 14 35 63 2 
3 67 3 119 3 14 
3 3 3 3 3 3 
47 3 54 3 58 2 
15 3 51 3 30 2 
3 3 82 3 3 2 
3 3 51 3 19 2 
3 3 3 3 3 2 
3 23 3 19 3 22 
3 34 3 74 3 2 
3 3 3 3 3 2 
50 3 31 3 3 2 
11 3 47 3 3 22 
3 3 3 3 2 6 
2 3 3 3 3 3 
42 3 66 3 39 2 
3 3 3 3 3 2 
3 3 3 11 3 30 
51 3 39 3 31 3 
3 7 3 3 3 2 
3 43 3 27 3 26 
3 23 3 3 3 6 
38 3 55 3 34 3 
22 3 43 3 39 2 
3 3 3 3 3 2 
35 3 3 3 3 3 
3 62 3 3 3 3 
3 3 3 3 3 2 
43 3 30 35 3 26 
51 3 47 3 31 2 
34 3 43 3 35 2 
26 3 26 3 3 2 
3 3 3 3 3 2 
2 30 3 31 3 19 
35 3 83 3 62 3 
3 3 11 3 3 2 
50 3 7 3 3 2 
3 3 3 3 3 34 
47 3 34 3 54 2 
23 19 3 62 3 18 
3 3 3 3 3 2 
3 19 3 27 3 31 
3 10 3 39 3 23 
50 3 42 3 31 2 
3 3 3 3 3 2 
38 3 31 3 34 2 
14 18 82 3 22 3 
3 3 3 3 3 2 
3 51 3 11 3 2 
15 54 6 2 3 6 
7 207 3 7 3 3 
22 26 50 3 35 3 
2 3 3 3 3 2 
30 3 47 3 47 2 
3 15 3 34 3 14 
3 27 3 39 3 26 
3 3 3 3 3 2 
3 3 3 3 3 2 
3 3 3 3 3 2 
10 38 3 59 3 27 
34 10 3 35 3 30 
3 3 3 3 3 2 
2 3 3 3 3 2 
3 3 3 3 3 3 
3 10 3 23 42 2 
3 22 3 55 3 31 
62 3 35 3 30 2 
31 3 50 3 39 2 
3 14 3 63 3 27 
2 3 3 3 18 3 
3 10 3 34 3 31 
3 43 3 46 3 22 
50 3 58 3 11 10 
3 95 43 3 35 2 
3 3 3 3 3 2 
6 2 23 3 34 3 
75 3 43 3 3 19 
22 3 54 15 3 38 
55 3 15 31 3 47 
3 3 15 3 15 2 
2 63 78 3 23 2 
2 3 3 94 3 22 
2 19 3 58 3 30 
3 22 3 66 3 23 
3 3 3 3 3 2 
10 3 3 3 3 3 
39 3 22 10 3 23 
3 3 3 3 19 2 
42 3 55 3 30 2 
14 3 50 3 2 2 
171 470 30 67 3 10 
3 3 3 3 3 2 
66 3 42 3 55 3 
6 3 55 3 27 2 
326 99 754 55 58 19 
3 3 3 3 3 2 
3 62 3 55 3 26 
3 55 3 51 351 3 
3 3 3 3 3 2 
2 3 3 3 3 2 
31 3 10 15 3 7 
3 38 3 47 3 22 
3 3 3 3 3 2 
3 3 3 3 3 2 
6 19 66 3 22 2 
3 3 3 3 3 2 
55 3 27 15 3 26 
3 3 3 54 3 27 
3 127 2 3 3 6 
3 3 3 42 10 14 
26 3 26 6 3 22 
2 94 22 3 26 2 
58 3 39 6 3 15 
3 47 3 67 3 42 
2 55 3 58 3 27 
15 3 31 3 22 2 
3 63 3 71 3 14 
3 58 3 59 3 26 
3 3 3 3 3 2 
34 3 3 3 3 3 
35 3 2 51 3 18 
34 3 42 3 3 2 
2 3 26 3 31 2 
3 3 3 59 3 39 
2 50 3 54 27 18 
3 3 3 3 3 2 
23 2 3 86 3 26 
26 3 3 62 3 31 
2 3 3 3 3 3 
3 3 3 3 3 14 
3 3 3 3 3 2 
3 3 3 3 3 26 
3 62 3 90 3 30 
23 3 27 3 27 2 
3 3 3 3 3 2 
3 15 3 31 3 15 
3 6 51 3 34 2 
3 147 3 106 3 39 
3 43 3 42 31 2 
3 3 3 3 3 2 
3 66 3 46 3 26 
3 3 27 3 31 2 
2 3 3 3 3 2 
11 14 3 54 3 38 
3 30 3 38 3 31 
3 3 3 3 3 23 
6 3 58 3 31 3 
51 3 38 3 22 2 
3 3 3 38 11 15 
2 2 3 3 27 2 
3 3 3 3 3 2 
58 3 70 3 58 3 
15 3 55 3 3 22 
31 3 42 3 11 14 
3 3 3 3 3 2 
3 3 3 3 3 6 
27 3 27 3 22 3 
203 47 6 58 63 3 
3 3 3 3 3 2 
2 3 34 3 19 3 
3 3 3 3 3 3 
30 3 26 3 3 3 
3 26 3 3 3 3 
3 3 3 3 3 2 
3 3 26 3 54 2 
38 3 75 3 63 3 
2 3 3 3 3 3 
47 3 22 3 3 2 
3 3 3 3 3 2 
3 39 3 71 3 38 
3 3 3 3 3 2 
27 3 3 3 3 3 
34 3 63 3 63 2 
47 3 46 3 15 2 
3 3 3 3 3 3 
3 3 3 3 3 2 
3 51 3 26 63 2 
14 150 3 90 3 6 
19 3 59 3 42 2 
2 35 3 14 3 2 
43 3 74 3 54 2 
50 3 3 31 3 39 
2 3 26 3 26 3 
3 3 3 27 3 15 
3 30 3 50 10 15 
46 3 43 3 39 2 
3 39 3 31 3 19 
22 26 3 47 3 27 
3 3 3 3 3 2 
3 3 3 3 3 2 
3 3 3 3 3 2 
3 3 3 3 3 2 
47 3 71 3 39 3 
35 3 43 3 47 2 
58 3 59 3 31 14 
23 3 3 3 3 3 
67 3 99 3 3 27 
3 90 22 38 31 2 
22 15 3 54 3 15 
3 50 3 58 3 27 
34 3 30 3 58 2 
3 3 3 30 3 23 
2 3 3 3 107 6 
26 3 58 3 10 34 
3 3 3 3 3 2 
3 74 14 30 14 2 
31 3 27 3 3 2 
34 3 39 3 46 3 
3 43 3 46 22 6 
23 3 3 3 3 3 
3 3 23 3 3 3 
3 42 3 39 31 2 
2 62 3 58 3 7 
3 3 3 3 2 6 
3 3 3 3 3 2 
3 3 3 2 3 30 
3 63 3 51 19 6 
18 22 3 74 3 14 
3 3 3 3 3 2 
7 3 74 3 43 3 
3 3 3 3 3 2 
38 3 39 3 14 3 
3 26 3 27 3 22 
3 3 2 3 42 2 
3 3 3 3 3 11 
3 30 3 43 3 27 
3 79 26 7 34 2 
3 35 10 55 30 2 
3 47 3 103 23 30 
2 15 3 39 22 11 
35 3 39 3 22 2 
2 3 3 3 3 2 
3 43 3 3 3 2 
3 3 7 3 59 2 
30 3 42 3 46 2 
7 43 3 74 3 15 
35 3 31 3 43 2 
3 6 3 95 38 3 
7 27 78 3 7 2 
3 3 3 3 3 2 
58 3 110 3 102 2 
3 6 3 39 2 34 
3 3 42 3 39 2 
3 3 3 3 3 23 
3 3 3 3 3 2 
3 3 3 3 3 2 
3 14 3 38 3 27 
3 31 3 3 3 2 
3 3 3 3 3 3 
3 3 3 3 26 2 
31 3 62 3 15 6 
3 82 50 3 6 2 
3 3 3 3 3 26 
3 35 3 39 3 2 
66 3 30 3 3 3 
3 3 3 3 3 3 
3 3 3 3 3 2 
55 3 74 3 31 2 
3 59 3 46 3 58 
3 38 51 3 30 2 
3 46 43 18 42 2 
3 3 3 3 3 2 
62 3 26 3 15 6 
19 34 43 3 22 2 
2 3 3 3 3 2 
3 42 3 31 26 2 
43 3 51 3 39 2 
3 3 3 3 3 2 
3 38 3 38 3 23 
3 3 3 86 3 2 
3 14 3 3 39 2 
19 3 30 3 39 2 
3 38 3 47 3 18 
47 3 67 3 23 23 
22 7 15 3 18 3 
14 10 43 3 34 3 
19 3 3 3 3 2 
3 22 3 38 3 19 
2 3 23 3 39 2 
3 59 3 46 3 26 
35 3 63 3 34 3 
2 3 66 3 122 2 
43 2 3 58 3 6 
10 11 50 15 38 6 
2 3 2 3 34 3 
3 71 22 14 43 2 
15 11 38 3 23 2 
3 3 3 3 3 2 
2 3 42 3 39 2 
3 3 3 3 3 2 
2 55 3 58 3 30 
3 86 3 11 3 2 
3 34 3 3 3 3 
3 3 3 3 3 2 
3 31 3 42 3 26 
42 3 3 3 3 3 
3 3 3 3 3 2 
10 62 3 58 3 22 
3 3 3 3 3 2 
3 70 3 59 3 10 
3 3 3 3 3 2 
38 3 70 3 55 2 
3 3 3 3 26 3 
35 2 3 3 3 2 
30 3 15 31 3 42 
3 46 3 51 3 23 
38 3 46 3 35 2 
30 3 38 3 22 2 
3 3 3 3 3 2 
18 22 3 34 3 18 
3 3 3 3 3 2 
38 3 79 3 10 2 
3 3 3 3 3 26 
51 3 7 3 3 2 
2 3 3 3 3 23 
42 3 31 6 3 35 
31 3 63 3 23 2 
7 3 27 3 30 3 
50 3 3 3 3 3 
3 59 3 35 3 19 
34 3 38 3 35 3 
3 3 3 3 3 2 
3 47 3 51 2 2 
38 3 30 3 42 2 
3 3 3 3 3 2 
3 3 3 3 3 23 
3 86 3 175 3 19 
3 3 3 3 3 2 
14 3 34 3 3 19 
35 7 3 38 3 19 
30 3 3 3 3 2 
70 3 59 3 22 3 
63 3 54 3 42 2 
3 62 3 34 3 2 
7 3 3 3 3 2 
3 3 3 3 3 18 
3 3 3 3 3 2 
2 59 3 58 3 26 
2 43 3 70 3 19 
3 91 3 58 3 14 
146 3 54 11 3 3 
2 38 3 62 98 2 
3 3 3 3 3 2 
2 3 3 3 3 3 
2 30 3 3 3 2 
2 51 3 34 3 39 
3 55 34 11 43 2 
3 3 23 3 58 2 
3 11 3 3 3 6 
2 3 3 6 3 23 
42 3 27 3 3 3 
3 87 3 30 3 3 
2 3 3 3 3 3 
67 3 58 3 54 3 
39 3 3 3 3 2 
3 47 3 54 3 18 
3 3 3 3 3 2 
3 3 3 3 3 7 
7 54 63 3 38 3 
46 2 3 95 3 23 
2 34 59 3 11 3 
51 3 35 3 43 3 
22 3 42 3 6 34 
3 3 3 3 3 3 
3 3 3 3 3 2 
54 6 62 3 35 2 
30 3 58 3 35 2 
39 3 70 3 62 6 
50 3 6 7 3 18 
3 26 3 46 3 22 
3 3 3 39 3 14 
3 31 3 95 3 31 
34 3 2 3 3 2 
3 3 3 58 2 27 
55 3 50 3 39 3 
50 3 22 3 3 2 
79 3 63 3 74 2 
38 3 35 11 3 30 
59 3 3 3 3 2 
3 42 3 62 3 14 
50 3 14 3 3 2 
6 3 3 3 3 2 
3 3 3 3 3 2 
3 3 3 3 2 6 
3 3 3 3 3 2 
3 3 3 3 3 2 
15 3 66 3 63 2 
6 3 78 3 2 18 
3 3 3 3 3 2 
3 3 3 3 3 3 
2 50 3 55 3 15 
3 39 3 54 3 2 
43 3 54 3 38 2 
2 51 3 51 3 30 
3 3 3 50 3 23 
3 27 3 66 3 23 
43 3 62 3 35 2 
3 3 3 3 3 2 
6 146 3 50 3 26 
3 3 3 3 3 23 
14 3 51 3 6 6 
3 23 3 55 86 3 
6 3 54 3 71 2 
2 3 3 3 3 2 
3 46 3 82 3 15 
2 54 3 86 3 31 
3 3 34 3 22 11 
2 3 3 3 19 3 
3 3 3 3 3 2 
11 3 35 3 26 2 
3 90 3 39 6 15 
3 46 3 35 42 3 
54 3 46 3 3 2 
3 3 3 7 3 2 
3 70 3 22 3 2 
3 3 3 3 35 2 
55 3 67 3 47 2 
34 3 23 3 3 18 
26 3 43 3 55 3 
91 3 14 3 3 2 
2 3 11 3 22 3 
34 18 6 110 3 27 
10 3 23 3 18 3 
2 63 3 83 3 26 
31 3 3 3 3 3 
6 3 10 35 3 27 
3 3 3 3 3 3 
3 27 2 11 23 2 
14 6 39 3 15 2 
2 3 42 3 54 2 
75 3 46 3 43 3 
3 26 3 43 3 6 
3 3 3 3 3 2 
23 3 23 2 3 26 
3 3 14 3 43 2 
3 59 38 11 42 2 
6 43 39 3 3 2 
3 3 3 3 3 2 
30 3 47 3 42 2 
3 3 7 6 58 3 
3 3 3 3 3 42 
3 22 39 3 7 2 
35 3 43 3 11 3 
3 67 3 42 3 35 
3 30 3 22 3 23 
3 59 3 15 3 2 
2 27 3 66 3 30 
54 3 26 10 3 30 
27 15 3 42 3 26 
39 2 3 51 2 31 
3 3 3 3 3 2 
3 3 3 6 3 42 
3 3 3 3 3 3 
3 11 3 38 46 2 
35 3 58 3 23 2 
3 3 3 3 3 2 
31 3 55 3 43 3 
39 3 55 3 34 3 
39 3 3 3 3 2 
3 67 3 87 3 26 
3 31 3 78 3 34 
46 3 50 3 34 2 
19 3 3 3 3 2 
3 3 3 3 3 2 
3 39 3 42 3 27 
3 6 3 3 3 2 
47 3 70 3 30 3 
3 3 3 59 15 35 
51 3 18 3 3 3 
3 3 3 3 3 2 
3 3 3 39 3 19 
3 3 3 3 3 2 
3 3 3 3 3 2 
3 3 3 3 3 10 
31 10 3 46 3 26 
2 3 3 3 3 3 
3 42 3 70 3 39 
3 35 63 3 10 2 
71 3 3 3 3 3 
39 3 14 10 3 7 
14 3 3 3 3 2 
3 3 3 3 3 3 
3 3 3 3 3 2 
3 42 3 50 3 50 
3 43 3 23 31 2 
3 3 3 3 3 7 
3 142 3 99 3 31 
3 55 3 55 3 51 
3 3 3 3 3 2 
19 14 3 86 3 14 
3 3 26 3 43 2 
3 15 3 47 10 23 
2 55 3 42 3 14 
38 3 34 3 38 3 
11 39 7 3 3 2 
3 2 10 3 50 2 
58 3 27 19 3 31 
2 3 3 3 3 2 
3 3 3 3 3 2 
18 3 14 10 3 15 
3 51 3 50 3 10 
3 3 3 3 3 2 
3 27 3 23 3 30 
3 3 3 7 3 23 
38 3 58 3 30 3 
2 3 3 3 3 3 
26 3 63 3 3 38 
3 23 3 3 3 2 
2 30 30 3 46 2 
3 23 11 27 51 2 
14 3 3 3 3 2 
2 3 3 3 3 3 
3 3 3 3 3 2 
3 34 3 67 43 3 
43 3 22 22 3 31 
3 3 3 3 3 2 
3 3 3 66 3 7 
19 3 35 3 3 31 
19 55 3 3 3 3 
54 3 50 3 51 2 
3 3 46 3 35 6 
19 3 79 3 3 26 
3 3 3 3 3 2 
23 3 39 3 15 3 
3 3 3 3 3 2 
42 3 43 3 10 2 
39 3 34 7 3 34 
3 71 3 59 3 7 
2 58 58 3 102 2 
51 3 42 3 39 2 
3 3 23 3 26 3 
6 54 3 74 3 26 
3 3 3 3 3 2 
22 3 3 3 3 2 
3 46 3 47 3 47 
31 3 3 3 3 3 
3 54 3 67 34 2 
2 3 23 3 34 3 
2 43 3 43 14 6 
3 27 7 26 22 2 
3 30 3 54 3 22 
42 3 86 3 30 7 
3 38 3 63 3 14 
55 3 43 3 3 3 
2 39 3 55 3 22 
3 3 3 3 3 2 
3 39 3 30 3 2 
42 3 42 3 15 2 
38 3 22 3 3 2 
50 3 6 3 3 3 
2 3 3 3 3 2 
39 3 43 3 3 15 
3 3 3 3 3 2 
3 23 3 47 3 23 
3 3 3 3 3 2 
46 3 42 2 3 30 
3 3 3 3 3 2 
3 3 3 38 3 31 
3 3 3 3 3 2 
3 38 59 3 70 3 
3 14 3 3 3 2 
70 3 3 3 19 3 
2 27 3 70 43 7 
2 46 3 58 3 31 
3 3 7 3 7 15 
3 3 3 3 3 2 
3 26 3 15 3 6 
31 3 31 7 3 23 
42 3 35 3 10 2 
2 3 3 3 3 3 
2 38 3 43 7 23 
35 19 3 38 3 26 
2 3 3 3 3 3 
3 3 3 3 3 2 
3 7 3 34 2 18 
47 3 23 19 3 30 
3 3 3 3 3 2 
51 3 50 3 63 2 
2 3 3 3 3 2 
3 50 3 14 3 2 
2 3 39 3 55 3 
22 39 3 79 3 11 
42 3 67 3 3 2 
2 3 3 3 3 3 
18 3 3 3 3 2 
74 3 62 3 3 2 
39 3 86 3 51 2 
58 3 43 3 43 2 
22 3 3 3 2 3 
2 7 3 46 26 10 
3 3 3 3 3 3 
3 3 3 3 3 2 
54 3 47 3 30 2 
2 2 3 39 2 23 
47 3 2 55 3 18 
2 3 3 3 3 2 
3 3 3 3 3 3 
27 3 54 3 55 2 
35 3 34 26 3 42 
7 3 10 3 35 2 
3 3 3 3 3 2 
3 3 3 3 3 3 
2 3 3 3 3 2 
3 3 3 3 3 2 
22 10 3 2 3 2 
15 3 3 3 3 2 
3 3 3 3 3 2 
2 3 3 3 3 23 
6 26 3 211 3 42 
59 3 59 3 38 6 
3 3 3 3 3 2 
19 15 91 3 3 2 
35 3 7 47 3 38 
55 3 47 3 31 3 
3 70 3 42 3 31 
3 10 3 3 3 3 
3 3 3 3 3 2 
35 3 26 3 18 2 
3 3 3 3 3 3 
2 3 3 3 3 2 
3 46 3 22 3 23 
3 42 3 34 15 2 
3 3 3 3 30 3 
51 3 34 3 3 26 
2 3 3 3 3 2 
39 3 42 3 46 3 
6 39 38 3 63 2 
2 30 3 3 3 3 
6 63 3 43 3 46 
31 3 26 11 3 23 
2 3 3 3 3 3 
3 3 3 3 3 2 
82 3 83 3 75 2 
31 3 31 3 83 2 
34 3 35 3 58 2 
10 31 67 3 39 2 
50 3 34 3 3 2 
6 3 3 3 3 2 
27 31 3 74 3 30 
35 3 3 3 3 3 
3 14 3 3 3 2 
82 3 74 3 71 2 
3 3 3 3 3 2 
2 38 11 22 66 2 
2 58 3 70 3 19 
3 3 3 3 3 2 
59 3 51 3 34 2 
42 3 51 3 34 2 
27 3 55 3 11 3 
46 3 46 3 3 58 
42 3 58 3 42 2 
43 3 82 3 78 2 
39 3 23 3 3 18 
3 3 3 3 3 2 
3 3 3 3 3 2 
34 3 15 3 3 19 
3 3 3 27 3 22 
26 3 34 3 38 2 
3 215 3 3 3 2 
6 22 3 94 3 31 
46 3 47 3 3 27 
3 83 3 59 3 35 
2 3 3 43 3 26 
3 3 3 3 3 2 
51 3 3 3 3 2 
3 31 3 22 3 18 
51 3 22 38 3 19 
3 3 3 3 3 2 
2 54 3 83 3 34 
3 78 3 51 43 2 
3 26 3 27 3 14 
3 3 3 3 15 2 
34 3 23 3 38 2 
3 107 3 62 3 39 
3 58 3 62 3 19 
2 3 23 3 43 2 
3 59 3 71 3 23 
3 35 3 23 43 3 
30 3 47 3 15 2 
2 3 3 3 3 35 
2 11 3 67 3 27 
35 3 15 10 3 30 
22 3 19 3 15 2 
3 47 3 102 3 43 
3 3 3 3 3 2 
3 3 3 3 3 3 
10 3 3 31 3 27 
3 86 3 14 74 3 
2 47 58 86 63 7 
3 63 3 54 3 2 
6 3 67 3 6 23 
55 3 47 3 30 2 
3 30 3 19 39 2 
30 3 42 3 58 2 
2 3 3 3 3 2 
3 3 3 3 3 3 
3 3 3 3 3 2 
2 38 54 3 43 2 
34 3 3 3 3 3 
51 3 71 3 14 26 
50 3 39 3 3 19 
59 3 2 47 3 34 
91 3 74 3 38 2 
43 3 3 3 3 34 
3 71 3 58 3 19 
3 3 3 3 3 3 
3 3 3 3 3 2 
35 3 23 15 3 34 
2 3 3 82 11 10 
7 15 19 3 38 3 
30 3 35 3 35 2 
3 3 3 3 3 2 
46 3 54 3 39 2 
11 3 34 3 50 2 
3 3 3 3 3 2 
3 3 30 3 51 2 
27 3 58 3 54 2 
3 3 3 3 3 3 
2 3 3 3 3 3 
3 3 3 3 3 3 
3 3 3 3 3 2 
2 55 3 59 3 23 
59 3 30 3 3 2 
3 26 3 39 3 2 
38 3 55 3 38 2 
38 3 3 46 3 26 
2 54 3 54 3 26 
2 3 3 50 3 23 
34 3 54 3 3 26 
3 47 3 54 3 23 
3 3 3 3 3 23 
43 3 54 3 35 3 
3 46 3 43 3 23 
46 6 3 58 3 23 
3 22 3 39 30 14 
42 3 6 22 3 31 
46 3 58 3 34 3 
31 3 39 3 26 3 
3 3 3 3 3 2 
3 3 3 3 3 2 
3 3 3 3 3 2 
18 18 74 3 43 2 
3 3 3 3 6 3 
3 3 15 3 27 3 
3 54 15 23 39 2 
58 3 111 3 62 2 
3 3 3 3 3 2 
31 6 122 2 3 23 
47 3 34 3 11 2 
3 3 3 3 3 2 
3 14 3 3 3 3 
3 3 3 3 3 2 
3 3 3 3 3 31 
19 3 43 3 19 3 
2 51 3 51 3 19 
3 3 3 3 3 2 
3 51 3 3 3 2 
3 67 66 3 38 3 
2 54 50 75 7 94 
6 3 26 3 30 2 
3 3 14 3 22 3 
3 3 11 3 35 3 
3 3 3 3 3 2 
3 3 3 3 3 2 
3 3 3 3 3 2 
2 47 3 39 2 19 
3 43 14 19 54 2 
2 3 43 3 50 2 
3 3 3 3 3 2 
3 3 3 3 3 3 
31 3 43 3 59 2 
3 3 38 3 47 2 
35 14 3 6 3 6 
3 46 3 54 15 6 
3 31 3 39 3 15 
35 3 43 3 18 3 
3 3 3 3 3 2 
2 3 3 3 11 3 
2 39 3 67 3 2 
43 3 3 3 3 2 
3 43 3 26 3 7 
23 3 34 15 3 46 
3 3 3 3 3 2 
3 35 3 3 19 2 
43 3 7 15 3 22 
39 3 47 3 82 2 
63 3 38 6 3 39 
3 3 70 3 55 15 
38 3 23 3 3 2 
3 3 3 3 3 2 
3 94 3 82 11 30 
70 3 79 3 6 3 
3 34 3 38 14 10 
2 3 3 3 3 3 
18 3 35 19 3 39 
35 3 47 3 7 2 
34 3 30 3 35 3 
3 10 3 26 58 7 
23 43 7 59 3 30 
7 31 3 51 3 19 
2 3 3 3 3 2 
3 27 30 11 38 2 
2 3 3 3 47 3 
3 3 3 3 3 2 
3 3 3 3 3 2 
2 3 3 3 26 3 
3 30 27 10 27 2 
2 54 19 31 35 3 
3 3 3 3 3 2 
26 3 30 3 2 15 
3 3 3 3 3 3 
2 3 3 3 3 3 
3 35 3 3 3 3 
2 22 3 35 3 18 
6 3 39 3 43 3 
3 3 3 3 3 2 
58 3 67 3 3 22 
42 3 54 3 30 3 
6 3 50 3 35 2 
3 3 3 3 3 2 
6 3 51 3 27 2 
46 3 26 3 43 2 
3 3 3 3 3 3 
3 3 3 3 3 2 
3 30 23 3 50 2 
3 3 3 3 3 2 
50 3 3 3 3 3 
39 3 43 3 42 3 
2 46 3 43 3 11 
10 3 39 3 14 10 
43 3 50 3 47 2 
18 3 23 3 15 2 
3 54 3 59 3 2 
3 3 3 3 3 2 
39 3 3 74 3 27 
46 3 50 3 54 2 
2 3 34 3 42 3 
2 3 3 3 3 2 
18 3 7 10 3 46 
3 30 3 39 3 11 
2 34 10 23 78 3 
3 3 3 3 59 2 
2 3 3 3 3 2 
3 3 3 3 3 2 
70 3 7 59 3 30 
2 3 3 3 3 3 
10 3 39 3 6 22 
7 42 51 3 31 2 
3 3 3 3 3 2 
3 3 3 3 3 3 
2 46 3 3 3 3 
3 3 3 3 58 2 
3 3 3 3 3 3 
2 3 3 3 3 3 
3 3 3 3 3 2 
27 3 35 3 3 39 
3 59 3 70 3 34 
3 3 3 3 3 2 
27 3 46 3 11 11 
3 10 2 30 6 19 
3 55 3 58 2 43 
2 3 3 3 3 3 
3 3 3 7 3 2 
43 3 71 3 3 2 
3 34 3 42 3 22 
59 3 83 3 38 2 
39 3 55 3 67 2 
42 3 18 3 3 2 
2 82 3 63 3 98 
2 3 3 54 3 42 
3 31 3 35 3 30 
3 3 3 3 3 2 
3 39 3 31 3 10 
38 3 38 3 22 2 
2 30 47 10 34 2 
3 3 3 3 3 2 
3 3 3 3 11 2 
3 3 3 31 3 15 
3 3 31 3 35 2 
3 3 3 3 3 2 
3 50 3 47 15 10 
3 3 3 3 3 2 
3 3 3 3 3 3 
59 3 66 3 38 3 
3 46 3 7 3 2 
27 3 3 3 3 2 
3 3 3 3 3 2 
3 3 19 2 75 2 
3 3 3 3 3 2 
3 59 3 58 3 18 
6 3 42 3 11 18 
3 3 3 3 3 3 
39 3 18 27 3 23 
35 3 26 3 11 2 
3 38 3 63 71 3 
3 86 38 3 35 3 
3 46 3 46 3 23 
3 3 31 3 31 2 
34 3 55 3 59 2 
3 3 3 3 3 2 
6 3 62 3 3 30 
3 3 3 27 3 22 
3 3 3 3 3 2 
3 66 59 3 3 2 
30 6 34 3 19 2 
3 42 3 59 54 2 
2 3 3 3 3 3 
2 51 2 379 2 63 
2 3 3 19 3 38 
7 178 3 131 7 19 
58 3 7 62 3 27 
50 3 39 3 14 7 
3 3 3 3 14 2 
3 3 27 3 46 3 
3 3 3 3 3 2 
51 3 62 3 3 2 
3 14 3 3 3 3 
26 3 55 3 3 31 
7 34 71 3 42 2 
7 43 3 38 3 23 
51 3 86 3 255 7 
3 3 3 3 3 3 
23 3 35 3 31 2 
3 23 3 19 3 23 
3 3 3 10 3 22 
35 3 15 3 11 2 
3 3 3 6 3 19 
2 3 3 3 3 3 
3 38 3 38 38 6 
50 3 11 46 3 94 
3 3 3 3 3 2 
46 3 11 3 3 2 
2 3 3 35 3 35 
30 10 51 3 6 2 
2 3 31 3 3 50 
811 175 95 42 10 3 
35 3 3 3 3 2 
3 51 3 42 3 11 
3 3 3 3 3 2 
3 3 3 3 3 30 
2 3 15 3 31 3 
63 3 35 3 47 2 
3 3 3 3 3 2 
19 3 22 3 2 2 
3 23 3 38 23 3 
6 3 3 3 3 2 
30 3 23 11 3 27 
75 3 15 18 3 31 
3 3 3 14 3 35 
3 3 3 3 3 2 
6 23 63 3 10 2 
3 46 3 43 3 26 
51 3 3 3 3 2 
39 3 55 3 35 2 
43 3 35 3 30 3 
3 55 15 42 59 2 
3 34 34 14 35 2 
3 3 3 11 3 22 
3 3 3 3 3 2 
30 18 3 39 3 26 
3 39 3 15 3 2 
3 35 3 63 3 19 
15 6 3 75 3 31 
66 6 7 71 3 2 
3 3 3 3 3 7 
18 3 26 3 23 3 
3 3 3 3 3 3 
2 42 3 78 3 22 
42 3 10 3 3 2 
3 46 3 34 3 39 
27 3 35 3 6 23 
3 38 3 43 3 6 
70 3 46 3 3 50 
3 3 3 3 3 2 
38 3 38 3 39 3 
2 3 3 3 3 3 
3 27 3 3 3 2 
2 38 3 43 3 2 
6 50 3 66 3 7 
71 3 83 3 75 2 
3 47 3 34 3 3 
19 3 30 3 31 2 
3 63 3 90 3 46 
3 3 3 3 3 3 
31 3 3 3 3 2 
2 3 3 3 3 3 
31 3 59 3 23 2 
3 59 3 50 3 2 
3 3 3 3 3 2 
2 3 3 3 3 3 
34 3 30 3 3 10 
50 3 43 3 7 2 
30 3 50 3 3 2 
