22 4 30 5 5 9 
14 5 243 5 5 7 
7 80 77 5 238 7 
7 4 4 5 5 7 
111 5 119 5 23 7 
63 5 5 129 6 43 
6 4 4 5 5 7 
6 4 4 5 5 7 
7 47 5 162 165 24 
10 5 233 5 56 34 
36 5 156 5 176 37 
7 4 5 5 5 7 
27 102 196 5 127 11 
7 87 5 102 94 21 
7 15 5 84 5 9 
7 5 5 195 61 13 
44 5 190 5 217 7 
7 18 5 85 157 13 
6 4 5 5 5 7 
67 5 185 5 150 7 
7 4 4 5 5 7 
7 5 5 252 5 58 
7 4 5 5 5 7 
7 40 5 125 5 44 
52 28 5 126 5 63 
7 4 4 5 5 7 
66 5 56 5 5 7 
7 98 5 83 5 29 
67 5 105 74 5 52 
42 5 121 5 163 7 
7 208 5 5 5 7 
7 4 4 5 5 7 
9 131 5 189 88 61 
7 4 4 5 5 7 
55 5 153 5 192 7 
69 5 229 5 189 8 
79 5 214 5 172 7 
7 4 4 5 5 7 
92 5 75 177 5 7 
7 4 5 5 7 7 
64 5 59 54 5 43 
6 4 4 5 5 7 
7 4 5 5 5 7 
7 156 47 878 375 30 
107 4 5 5 5 7 
7 5 5 5 5 14 
7 253 5 299 6 61 
83 5 7 5 5 7 
6 4 4 5 5 7 
44 5 232 5 158 7 
116 4 7 5 5 7 
7 4 5 5 5 7 
67 5 107 5 5 7 
64 5 230 5 105 12 
8 153 13 5 6 7 
61 5 174 5 179 7 
7 4 4 5 5 7 
7 96 5 106 5 38 
7 4 5 5 6 7 
6 4 5 5 5 7 
7 4 5 5 5 7 
151 5 229 5 70 7 
6 4 4 5 5 7 
7 314 5 145 6 66 
7 237 192 6 128 7 
75 5 74 20 5 45 
34 4 252 5 302 8 
24 103 5 118 10 15 
7 140 5 124 5 45 
7 186 5 89 6 10 
7 4 5 5 6 7 
6 4 4 5 5 7 
7 55 5 115 66 29 
38 20 221 5 171 7 
7 69 5 119 5 38 
28 5 107 5 88 7 
52 4 54 5 5 7 
6 4 4 5 5 7 
7 4 4 5 5 7 
7 5 4 5 5 7 
38 4 30 49 5 35 
9 122 145 7 91 8 
7 4 4 5 5 7 
22 78 185 5 196 7 
7 4 5 7 5 7 
97 5 241 5 173 7 
6 4 4 5 5 7 
7 4 5 5 5 8 
97 5 121 119 67 7 
7 4 5 5 5 7 
7 4 4 5 5 17 
68 5 169 5 168 7 
6 4 4 5 5 7 
14 77 5 129 5 35 
7 147 114 5 179 7 
7 4 4 5 5 7 
13 5 215 5 243 9 
45 5 267 5 198 7 
7 5 4 19 9 26 
7 90 29 90 161 7 
6 4 4 5 5 9 
7 4 5 5 5 80 
184 7 695 16 898 32 
29 4 4 5 5 8 
7 237 5 5 5 7 
75 5 250 5 229 7 
30 5 146 5 158 6 
7 95 5 83 89 9 
112 5 151 5 284 7 
63 5 98 5 45 7 
7 4 5 5 5 7 
7 5 58 5 110 7 
7 159 5 133 5 34 
7 170 5 90 5 44 
7 4 5 63 53 19 
7 164 5 99 5 59 
7 5 144 5 809 67 
8 4 63 5 177 7 
7 5 66 5 201 7 
7 128 5 131 68 17 
7 37 98 11 153 7 
6 5 5 5 5 31 
7 133 221 6 142 22 
7 5 5 197 6 46 
7 4 4 5 5 8 
7 111 76 52 140 7 
7 4 291 5 114 31 
7 63 5 112 5 37 
7 4 4 5 5 7 
7 5 98 5 255 7 
7 4 5 5 5 7 
54 5 91 64 5 15 
43 4 9 5 6 6 
7 4 5 5 5 7 
7 4 5 5 5 7 
7 134 5 106 5 41 
7 4 4 5 5 7 
74 4 157 5 89 7 
8 4 5 5 5 8 
7 97 114 46 199 7 
75 5 76 33 5 51 
7 114 254 5 207 7 
8 95 144 5 221 8 
7 5 122 5 195 7 
61 16 177 5 50 7 
7 198 5 174 114 25 
7 147 5 138 6 46 
34 5 115 5 30 6 
34 5 120 5 120 7 
7 147 5 84 5 19 
7 4 4 5 5 7 
7 4 5 48 6 64 
42 4 5 5 5 7 
7 5 5 111 5 44 
92 5 5 78 5 50 
7 130 5 65 5 39 
7 4 5 5 6 7 
7 159 5 111 6 42 
66 5 161 5 109 7 
12 91 5 78 6 50 
116 5 80 5 5 7 
9 5 217 5 227 7 
78 5 160 5 162 7 
7 122 5 63 21 18 
35 71 140 5 109 7 
67 5 163 5 102 7 
7 4 4 5 5 7 
7 111 5 140 255 7 
7 158 5 121 6 32 
6 4 4 5 5 7 
7 4 4 5 5 7 
6 4 5 5 5 7 
33 5 5 93 5 61 
7 187 5 118 99 7 
7 5 4 5 5 7 
7 145 5 139 7 66 
70 5 186 5 142 7 
29 5 251 5 81 25 
76 5 127 10 5 45 
7 5 104 5 170 7 
7 132 9 195 85 9 
11 211 4 6 5 7 
7 170 5 5 5 7 
7 60 5 99 5 74 
6 4 4 5 6 7 
20 49 5 5 30 7 
7 166 7 94 228 7 
7 188 5 127 6 7 
73 4 16 5 5 7 
7 5 217 5 416 7 
7 4 5 5 5 7 
7 4 4 5 5 7 
9 5 134 5 336 7 
16 5 124 5 91 7 
7 4 5 6 5 7 
7 267 5 215 6 43 
7 104 32 98 124 7 
6 58 5 111 6 35 
7 160 5 85 6 40 
7 5 29 5 60 7 
7 75 5 87 5 23 
138 5 355 5 6 7 
7 77 5 30 5 8 
7 4 5 5 5 7 
25 5 121 5 94 7 
7 28 129 43 207 7 
7 37 5 71 105 10 
53 12 229 5 84 7 
23 26 219 5 225 7 
25 4 131 5 59 7 
7 62 5 86 5 43 
7 5 74 5 133 8 
7 4 5 75 5 32 
7 4 4 5 5 7 
49 4 5 5 5 7 
7 4 4 5 5 7 
8 4 5 5 5 7 
7 5 5 164 5 66 
21 4 162 5 27 25 
36 5 190 5 37 28 
64 5 188 5 225 7 
7 4 5 5 5 7 
12 4 4 5 5 8 
7 5 24 5 203 7 
40 4 117 5 5 7 
7 4 4 5 5 7 
7 166 60 24 151 7 
14 4 5 5 5 7 
78 4 47 5 5 7 
7 62 5 138 5 35 
7 4 5 5 10 19 
6 4 4 5 5 7 
57 4 80 5 29 7 
15 4 11 5 6 7 
7 4 5 21 5 38 
7 101 5 113 6 73 
30 4 80 5 5 7 
7 5 17 5 309 7 
7 47 5 103 6 36 
7 261 130 52 205 7 
6 4 4 5 5 7 
32 5 95 28 6 67 
7 169 5 129 6 42 
97 5 252 5 182 7 
51 5 186 5 89 7 
6 4 4 5 5 50 
44 4 129 11 6 48 
7 143 5 95 5 36 
7 4 5 5 6 7 
6 4 4 5 5 7 
7 4 5 5 5 7 
45 4 46 5 5 7 
7 114 170 5 193 7 
51 4 25 5 6 7 
7 102 5 96 6 50 
37 5 166 5 62 7 
7 4 4 5 5 7 
7 4 5 5 73 7 
7 4 4 5 5 7 
7 42 4 7 5 7 
44 5 192 5 95 48 
7 177 5 145 6 24 
7 4 4 5 5 7 
42 5 144 5 74 13 
106 5 117 5 98 7 
57 4 13 9 100 6 
7 4 4 5 5 7 
7 5 170 5 56 37 
7 132 5 198 8 38 
7 4 4 5 5 7 
7 156 5 114 5 21 
7 151 5 72 5 32 
7 4 4 5 5 7 
7 4 4 5 5 7 
21 173 12 161 37 42 
41 5 179 22 6 35 
60 4 87 5 5 7 
7 71 5 5 5 7 
16 5 173 9 6 77 
8 123 5 182 6 16 
7 8 5 90 5 48 
7 4 5 5 5 7 
7 155 5 165 6 47 
60 5 164 5 66 14 
7 4 4 5 5 7 
7 123 5 123 6 42 
7 4 5 5 5 29 
7 4 4 5 5 9 
7 127 6 123 61 28 
7 4 102 5 113 15 
7 4 4 5 5 7 
47 5 169 5 185 7 
7 134 5 55 5 20 
25 51 5 122 6 28 
77 5 23 65 6 37 
7 4 4 5 5 10 
75 5 233 5 275 7 
7 162 42 25 170 9 
89 5 141 5 5 7 
7 4 4 5 6 12 
548 7 1083 5 305 9 
7 49 5 144 41 24 
52 5 177 5 165 7 
69 5 5 138 5 57 
76 5 162 5 106 9 
6 4 5 5 5 7 
7 4 5 5 5 9 
40 5 191 5 142 7 
44 8 5 124 5 38 
43 5 279 7 223 7 
55 5 118 16 14 85 
7 4 4 5 5 7 
7 15 5 165 11 21 
185 306 54 24 13 20 
53 4 8 5 5 7 
7 5 5 101 6 44 
7 40 22 56 136 10 
7 4 5 5 5 7 
7 11 5 238 5 29 
7 141 98 99 196 8 
33 4 28 5 5 7 
7 5 56 5 356 7 
7 5 192 5 319 7 
28 14 304 5 25 7 
7 54 5 62 5 41 
6 4 4 5 5 7 
7 4 5 5 5 7 
7 4 5 5 5 7 
7 4 4 5 5 7 
7 9 5 5 5 7 
7 5 5 5 209 7 
7 4 4 5 5 7 
7 125 5 103 5 43 
63 5 237 5 264 7 
7 4 5 5 5 7 
7 144 18 130 382 7 
45 4 253 5 6 7 
24 67 197 5 145 7 
64 5 49 5 6 7 
7 114 5 5 5 7 
6 4 5 170 7 182 
7 89 66 32 157 7 
42 101 209 5 109 7 
7 331 5 94 6 7 
7 4 4 5 5 7 
7 168 5 7 5 40 
7 4 4 5 5 7 
7 5 5 92 5 25 
54 4 4 5 5 7 
7 5 4 5 34 7 
32 5 224 5 337 7 
7 286 5 136 6 39 
7 4 4 5 36 7 
7 112 5 103 6 44 
7 4 4 5 5 7 
7 223 5 120 5 9 
7 4 4 56 5 7 
74 5 197 5 327 7 
7 4 10 5 86 7 
7 86 5 74 7 34 
9 72 117 5 155 7 
6 4 4 5 5 7 
7 5 165 5 232 7 
7 4 5 41 5 29 
7 91 5 20 5 7 
7 143 5 96 5 7 
7 4 5 5 5 7 
6 6 5 5 6 7 
6 4 5 103 5 76 
50 5 173 5 143 6 
7 5 240 5 69 27 
7 4 5 5 6 7 
7 80 5 83 5 35 
56 43 265 5 186 7 
7 120 5 150 6 67 
45 5 323 24 421 7 
7 114 5 116 85 7 
60 5 68 21 5 57 
7 5 5 5 5 8 
7 67 5 171 5 38 
7 40 5 25 5 7 
7 6 5 153 5 55 
96 5 109 5 5 7 
69 5 175 6 72 8 
7 4 4 5 5 10 
6 4 4 5 6 7 
7 5 110 5 79 7 
64 4 248 5 155 7 
7 4 4 5 5 7 
7 104 5 102 5 30 
8 4 5 5 5 7 
41 5 163 5 140 7 
7 4 4 5 5 7 
7 4 5 5 5 7 
7 67 5 91 5 29 
60 5 114 5 232 7 
7 4 4 6 5 7 
6 4 6 5 84 7 
7 128 5 168 5 46 
81 5 212 5 6 7 
7 4 4 6 6 7 
7 128 15 73 5 7 
8 126 5 113 6 25 
14 5 476 5 103 8 
6 4 4 5 5 7 
7 4 4 5 5 7 
7 91 41 90 168 7 
7 89 5 92 142 13 
58 4 83 5 5 9 
45 4 98 5 5 7 
7 93 5 93 111 24 
7 5 50 5 232 7 
6 4 4 4 6 7 
28 5 204 5 27 32 
7 63 5 34 23 19 
67 5 319 5 120 7 
7 173 25 45 5 7 
7 4 4 5 5 7 
7 18 5 147 47 47 
7 172 5 51 5 7 
7 4 4 5 5 7 
6 4 4 6 5 7 
7 99 247 5 108 7 
7 167 5 82 5 7 
7 4 5 5 5 7 
56 5 131 5 103 7 
7 9 5 63 5 35 
23 139 98 18 110 7 
85 5 120 5 11 7 
48 5 170 5 5 7 
27 5 232 5 49 70 
9 121 82 5 5 7 
50 5 177 5 204 7 
7 94 71 61 209 8 
7 293 5 97 5 41 
59 5 242 5 136 7 
41 5 140 5 100 7 
7 4 4 5 5 7 
74 5 5 5 5 7 
6 4 5 5 5 7 
38 5 87 49 5 34 
65 5 47 83 5 40 
69 5 308 5 467 7 
20 5 234 5 6 7 
6 4 5 5 5 55 
7 75 5 121 5 7 
50 5 243 5 200 7 
7 4 5 5 6 7 
7 4 4 5 5 7 
92 5 168 5 269 7 
51 5 143 5 159 7 
6 4 4 5 5 7 
47 5 137 5 75 7 
7 5 32 5 226 7 
139 4 137 5 5 7 
7 93 6 60 24 21 
8 181 194 5 166 10 
93 5 263 9 5 42 
45 5 102 5 5 7 
6 4 4 5 5 7 
7 4 4 5 5 7 
7 5 172 5 193 7 
7 4 5 5 5 7 
42 4 23 43 5 29 
7 4 5 5 5 7 
9 44 5 129 5 30 
7 4 5 5 5 7 
8 94 5 108 5 61 
11 101 191 5 146 8 
6 4 5 115 5 54 
287 552 14 103 10 38 
16 4 5 5 156 7 
61 5 143 5 166 7 
7 125 5 314 6 19 
7 61 5 123 21 67 
44 4 12 7 6 7 
110 5 111 5 5 7 
7 4 5 24 5 24 
7 91 5 177 6 59 
7 4 8 5 5 7 
7 114 5 5 5 7 
7 4 4 5 5 7 
26 87 137 6 114 7 
165 5 38 5 9 7 
79 5 75 5 6 7 
60 5 152 5 80 7 
7 65 5 117 29 42 
9 71 4 5 6 7 
7 258 5 5 5 7 
6 4 4 5 5 7 
63 5 113 5 137 7 
89 5 279 6 164 7 
7 387 5 274 6 7 
7 4 5 5 5 17 
11 5 169 5 215 9 
7 101 5 142 5 45 
107 5 146 5 171 7 
7 172 5 9 5 7 
7 4 5 5 5 7 
14 4 64 5 249 7 
6 5 5 5 5 7 
9 5 251 5 119 31 
7 4 5 5 5 7 
44 4 5 5 5 7 
19 4 14 32 5 17 
7 136 9 82 270 7 
90 5 286 5 226 7 
86 18 5 67 5 19 
7 5 4 5 5 47 
10 69 213 5 69 7 
7 135 5 147 7 48 
46 5 128 5 147 7 
55 5 127 5 6 7 
78 5 110 44 5 57 
7 4 4 5 5 7 
73 5 233 15 6 50 
7 4 5 5 5 7 
6 4 4 5 5 7 
7 112 5 135 5 46 
7 4 4 5 5 7 
7 4 4 5 5 6 
7 4 5 15 5 57 
77 5 161 5 206 8 
45 4 135 5 68 7 
7 5 54 6 175 7 
7 4 5 5 5 7 
13 4 4 5 5 7 
106 5 351 5 251 7 
14 5 148 5 144 8 
7 109 6 139 116 20 
7 4 4 5 5 17 
7 100 90 28 282 7 
6 118 5 76 5 6 
25 5 587 17 6 59 
6 4 4 22 5 7 
7 122 5 70 5 7 
75 5 181 5 122 7 
70 5 134 5 233 7 
47 5 264 35 6 50 
7 5 4 5 5 8 
75 5 196 5 6 33 
26 4 5 6 6 7 
38 4 152 5 34 7 
58 4 26 5 5 7 
7 4 5 5 5 7 
40 5 163 5 194 7 
50 5 5 125 6 35 
7 4 5 5 5 7 
70 5 156 5 199 7 
6 5 5 5 5 44 
7 5 86 5 165 7 
87 5 153 5 62 7 
7 5 4 5 5 7 
71 5 165 19 6 38 
29 44 5 138 6 51 
7 95 124 32 154 7 
7 252 5 165 6 24 
7 4 112 5 5 7 
7 95 5 83 6 12 
7 5 5 196 6 90 
6 4 4 5 5 6 
7 4 4 5 5 7 
7 316 16 445 6 10 
7 82 129 5 157 7 
33 5 124 21 5 36 
6 4 4 5 5 7 
7 82 5 241 6 42 
66 5 168 6 138 6 
123 54 11 5 5 7 
7 110 5 135 5 35 
35 5 244 5 119 19 
38 5 213 5 211 7 
7 89 33 46 5 58 
7 168 5 128 5 11 
72 5 202 5 172 7 
6 4 4 5 5 7 
17 4 4 5 5 7 
11 4 8 5 5 7 
6 4 4 5 5 7 
7 5 8 5 317 7 
7 118 56 28 164 7 
7 4 5 5 5 7 
7 4 5 5 5 7 
7 150 5 111 138 7 
7 5 5 104 6 49 
6 4 4 5 5 7 
7 5 246 5 6 77 
7 219 5 129 6 41 
7 4 4 5 5 7 
517 417 1122 42 985 81 
7 94 9 209 171 9 
7 198 5 114 6 39 
80 5 113 47 6 41 
37 80 5 110 6 39 
7 5 142 5 99 17 
7 173 5 131 8 19 
8 4 4 5 5 7 
6 4 5 5 5 7 
7 4 4 5 5 7 
7 109 5 131 5 50 
57 5 222 5 23 24 
7 128 5 116 6 7 
57 5 239 8 137 15 
7 4 4 5 5 7 
7 4 4 5 5 7 
6 4 4 5 5 7 
7 203 5 27 6 7 
7 143 164 26 128 7 
7 109 5 122 5 34 
7 111 5 71 60 22 
47 5 120 5 106 7 
6 4 4 5 5 7 
32 4 5 5 5 7 
7 5 5 52 5 65 
7 258 5 111 6 55 
9 102 108 5 71 7 
52 5 203 5 62 7 
7 4 5 5 5 43 
7 104 5 53 28 17 
28 22 5 84 6 32 
64 424 510 301 24 42 
73 5 159 5 227 7 
6 4 4 5 5 7 
7 110 21 76 157 7 
7 110 5 99 6 15 
7 89 5 74 5 8 
7 4 5 99 5 75 
63 5 130 5 305 7 
7 5 12 6 147 7 
39 4 177 5 97 7 
7 80 11 146 165 8 
7 4 4 5 5 7 
24 137 5 83 5 7 
13 4 4 5 5 7 
7 4 4 5 5 7 
6 4 4 5 5 7 
7 5 5 49 10 46 
7 146 5 133 6 44 
8 169 219 5 177 7 
81 5 98 5 5 7 
45 5 168 5 6 52 
7 65 5 5 5 7 
6 4 4 5 5 7 
7 100 5 242 267 7 
7 158 5 72 5 7 
7 4 4 5 8 7 
7 182 5 57 6 43 
79 4 119 5 5 7 
7 4 5 5 5 10 
7 85 5 100 11 34 
7 138 5 123 6 37 
70 4 139 5 5 7 
7 78 5 155 5 40 
7 23 5 135 25 29 
7 5 402 5 6 65 
65 5 125 5 238 6 
7 165 5 137 6 7 
6 4 6 5 5 7 
11 181 7 12 101 15 
99 5 170 7 51 50 
7 5 5 167 5 39 
7 14 4 5 5 7 
7 164 5 127 44 22 
7 94 97 5 102 7 
72 31 315 5 6 7 
9 167 5 145 10 33 
8 103 5 119 6 45 
6 4 4 5 5 10 
72 5 107 5 241 7 
7 179 54 64 41 7 
37 5 178 9 163 8 
63 4 68 92 5 48 
7 109 5 118 5 10 
56 5 141 5 234 7 
7 85 5 159 72 23 
7 89 5 100 130 7 
86 5 277 5 204 9 
68 5 165 5 365 8 
69 5 222 5 65 27 
7 4 5 5 5 7 
112 5 280 5 251 7 
7 163 5 102 157 9 
9 85 6 5 5 7 
13 173 278 5 108 7 
7 4 5 5 5 7 
6 4 5 5 6 7 
63 4 121 5 84 7 
49 38 179 5 163 7 
18 5 271 5 178 7 
7 5 62 5 341 7 
26 74 178 5 73 7 
6 4 4 5 5 7 
53 14 175 5 125 7 
7 181 5 185 6 27 
7 4 5 5 5 7 
6 78 5 31 5 7 
6 4 5 5 5 7 
7 96 5 124 7 40 
138 23 94 5 321 7 
36 5 136 5 97 9 
39 112 131 837 270 232 
6 4 4 5 10 7 
92 4 165 5 208 7 
7 4 5 5 5 7 
7 4 5 5 5 7 
140 5 329 5 22 7 
77 5 167 8 167 7 
14 108 169 5 139 7 
7 5 6 70 5 41 
6 4 4 5 37 7 
6 4 4 5 69 7 
7 4 5 5 6 7 
51 5 130 5 268 7 
7 93 135 17 130 7 
86 5 70 5 5 7 
106 4 150 11 130 7 
63 5 5 103 5 58 
7 164 5 129 6 12 
7 82 5 94 5 43 
7 4 5 145 39 22 
7 268 5 53 6 29 
7 176 5 151 5 58 
64 5 9 106 6 45 
7 164 5 5 6 7 
7 91 108 5 160 7 
7 241 104 36 169 7 
17 4 79 110 5 28 
45 6 144 12 5 36 
49 5 12 5 5 7 
7 4 4 5 5 7 
46 4 150 5 116 7 
7 170 5 110 6 60 
7 159 15 96 301 7 
51 5 113 21 6 47 
7 23 5 89 87 12 
7 4 4 5 5 7 
6 4 4 5 5 25 
7 4 5 5 5 7 
56 5 232 14 5 7 
6 4 4 4 5 8 
48 36 186 5 304 7 
7 4 4 5 5 7 
7 125 5 85 6 36 
7 4 5 5 5 7 
7 4 5 5 5 7 
10 5 81 5 146 7 
58 6 19 42 42 9 
7 298 5 8 6 6 
64 5 277 5 176 7 
71 6 129 37 6 51 
13 5 157 5 166 7 
7 4 5 48 5 43 
52 5 112 5 101 7 
6 4 4 5 5 7 
6 4 4 6 5 7 
7 5 110 5 105 7 
7 4 4 5 5 7 
14 4 4 5 5 7 
7 28 5 120 5 13 
7 239 218 5 98 7 
7 4 5 5 5 7 
35 5 233 5 151 7 
80 12 5 5 5 58 
6 4 4 4 5 11 
73 5 56 165 6 91 
7 134 5 119 6 40 
59 5 240 5 534 7 
77 5 239 5 226 7 
9 154 5 41 6 7 
70 5 204 5 174 7 
6 7 4 5 6 7 
6 4 4 5 5 7 
40 5 214 5 5 41 
7 5 68 5 239 7 
53 5 136 5 187 7 
54 41 5 143 6 30 
71 5 165 5 73 7 
7 25 5 72 112 12 
6 4 4 5 5 7 
14 4 5 5 5 7 
7 4 5 64 5 47 
92 5 244 5 359 7 
7 5 40 5 120 7 
7 4 4 5 5 7 
7 93 5 91 5 12 
7 4 225 5 149 10 
7 90 5 49 6 35 
7 5 60 5 200 7 
49 5 118 32 6 54 
63 7 86 56 6 76 
7 136 5 5 5 12 
7 4 5 5 5 7 
7 167 8 99 10 26 
7 130 172 8 104 7 
6 4 4 5 5 6 
7 78 5 120 6 36 
75 5 199 5 159 7 
6 4 5 5 5 7 
41 5 177 5 148 7 
7 110 5 96 5 44 
7 54 5 5 5 7 
80 5 131 5 244 7 
48 5 148 5 156 14 
6 4 7 5 5 7 
7 5 5 124 5 43 
41 4 5 6 5 7 
54 5 4 5 5 7 
7 5 4 5 5 7 
7 4 5 5 5 8 
7 4 5 5 107 7 
6 4 4 5 5 7 
7 5 5 5 44 7 
7 182 5 68 5 7 
7 4 5 5 5 8 
20 50 200 5 159 7 
7 4 4 5 6 7 
7 4 5 5 5 7 
9 183 5 109 5 50 
38 5 86 62 5 35 
7 143 187 9 163 7 
32 5 97 61 5 65 
58 5 121 63 5 37 
7 4 69 5 174 7 
75 5 152 5 183 7 
7 171 5 90 5 41 
114 5 302 5 237 8 
6 12 4 7 5 8 
7 4 40 5 5 7 
80 6 5 224 6 62 
16 5 131 5 118 7 
6 4 4 5 5 7 
9 5 53 5 238 7 
7 253 5 140 76 34 
7 61 5 101 121 35 
16 40 152 5 145 7 
13 5 147 5 133 7 
7 65 5 59 5 31 
7 121 5 183 5 46 
24 14 120 5 196 7 
32 4 53 5 5 7 
22 89 177 5 74 7 
15 5 309 10 81 370 
9 528 13 115 6 69 
18 16 187 5 23 7 
7 129 5 130 5 37 
7 5 5 5 65 7 
6 4 4 5 5 7 
76 5 204 5 244 7 
7 5 120 5 172 7 
7 131 5 134 5 66 
7 266 5 115 5 37 
7 4 4 5 6 7 
7 226 8 121 7 8 
7 158 5 99 5 51 
92 5 118 5 5 7 
7 101 90 29 145 7 
68 4 13 5 5 7 
6 4 4 5 6 7 
7 4 4 5 5 7 
71 5 197 5 56 7 
6 4 4 6 5 7 
7 220 5 116 5 7 
116 293 57 1122 215 79 
7 4 5 6 5 7 
10 5 77 5 330 7 
85 5 402 5 400 7 
6 4 4 5 5 7 
30 25 32 6 5 11 
7 111 5 160 49 32 
6 4 5 5 5 7 
79 5 151 5 142 7 
7 5 254 5 86 14 
36 4 168 5 51 7 
7 135 5 215 6 52 
52 5 30 123 6 77 
7 5 83 5 291 7 
7 67 5 70 6 19 
7 4 4 5 5 7 
6 4 4 9 5 22 
7 4 4 5 6 7 
7 182 5 141 6 35 
7 5 4 5 5 7 
87 4 32 140 5 66 
7 128 5 145 5 7 
7 4 5 6 5 7 
7 5 120 5 125 7 
6 4 4 5 5 7 
7 135 5 120 6 46 
7 141 5 58 6 55 
40 4 4 5 8 7 
7 4 4 5 9 7 
138 5 218 5 67 7 
7 5 5 71 5 61 
7 163 26 41 5 7 
14 36 5 219 6 58 
6 4 4 6 5 6 
14 5 249 5 249 7 
6 4 5 5 5 7 
7 154 5 145 6 42 
7 4 5 5 5 7 
15 134 203 5 133 7 
6 4 4 5 6 7 
7 4 110 5 152 8 
33 6 79 5 147 7 
14 44 6 6 5 8 
7 152 5 39 5 7 
7 4 4 5 6 21 
7 4 5 5 6 45 
7 4 4 5 5 7 
93 5 66 5 5 7 
7 5 21 5 213 7 
7 161 5 90 219 7 
62 5 130 5 181 7 
7 106 5 151 103 9 
7 4 4 5 28 7 
7 147 118 5 185 7 
6 4 4 5 5 7 
71 5 374 5 367 7 
7 4 4 5 5 7 
63 5 358 14 177 7 
6 4 4 28 5 31 
86 5 235 5 186 7 
7 13 5 139 89 33 
7 4 4 5 5 7 
6 31 5 5 5 7 
56 75 219 5 136 7 
7 210 5 139 6 41 
51 5 34 5 5 7 
86 5 118 5 166 7 
7 4 4 5 70 7 
25 4 4 5 5 7 
7 153 76 30 173 7 
7 5 5 7 5 7 
6 4 4 5 5 7 
7 4 4 5 5 7 
74 5 127 6 125 7 
118 5 178 5 203 9 
7 133 5 65 140 7 
7 201 5 133 6 35 
62 5 174 5 6 7 
61 4 222 5 179 7 
7 70 5 109 132 7 
6 4 4 5 5 21 
7 5 296 5 240 7 
7 47 5 5 6 7 
7 4 4 5 5 7 
7 4 4 5 5 7 
46 4 64 5 5 7 
59 5 289 5 220 9 
7 143 5 95 6 7 
7 5 168 5 164 19 
7 4 5 5 5 8 
55 5 155 5 159 7 
7 5 165 5 101 11 
60 5 196 5 173 7 
7 4 5 5 61 7 
7 184 5 133 6 74 
7 150 7 124 28 34 
100 4 43 70 5 49 
6 78 5 147 5 34 
54 9 187 5 198 7 
6 4 5 5 5 7 
77 26 154 5 5 7 
7 89 135 157 95 7 
56 5 133 21 5 37 
7 150 5 109 5 48 
7 4 4 5 6 7 
7 4 5 5 5 9 
7 4 5 5 5 7 
7 92 5 90 5 59 
10 84 5 172 6 40 
6 4 4 14 7 7 
7 4 5 5 5 7 
75 5 146 82 13 64 
7 127 18 71 187 7 
6 4 4 5 5 7 
10 163 5 87 6 18 
77 5 185 5 5 7 
39 4 4 5 5 7 
7 140 5 98 5 34 
7 50 5 5 5 7 
7 159 168 30 196 7 
7 5 5 36 5 69 
7 42 5 151 169 15 
6 4 4 5 5 7 
73 5 222 5 181 7 
7 5 23 5 193 7 
7 4 5 5 5 7 
7 4 4 5 5 7 
7 4 5 5 8 7 
7 78 5 89 10 23 
7 128 5 124 6 55 
7 103 5 76 5 34 
6 74 5 75 9 67 
7 170 5 154 5 51 
81 5 205 5 33 7 
8 4 4 5 5 7 
12 160 20 133 6 59 
42 4 105 5 5 7 
6 4 4 5 5 7 
7 4 7 5 5 7 
10 4 4 5 5 7 
6 4 4 5 5 6 
7 5 104 5 241 8 
10 103 5 51 6 52 
7 142 157 5 146 7 
7 4 5 5 5 7 
6 4 5 5 5 7 
50 5 164 5 54 7 
7 43 5 131 6 33 
