100 6 212 5 116 7 
27 19 5 112 5 37 
7 99 5 128 6 41 
7 5 93 5 169 7 
25 89 5 5 25 7 
9 4 4 5 5 7 
77 4 206 5 59 7 
7 159 5 114 5 25 
7 155 5 390 5 38 
7 4 5 5 5 7 
25 5 156 5 121 8 
6 4 4 5 5 7 
7 172 34 128 193 7 
9 231 193 5 195 7 
7 4 5 5 5 7 
34 4 5 5 5 7 
7 76 5 116 5 28 
7 4 5 5 5 7 
61 5 95 5 5 7 
57 5 255 5 30 26 
31 152 5 105 5 7 
7 5 5 78 6 7 
9 975 9 726 7 40 
48 5 75 5 168 7 
7 4 5 5 5 7 
6 4 4 5 5 7 
7 24 5 129 5 30 
7 4 4 5 5 7 
7 5 5 5 41 8 
7 5 4 5 5 7 
7 4 5 5 5 7 
7 152 5 94 5 34 
7 125 5 90 5 36 
7 119 5 131 6 50 
7 4 5 5 5 7 
7 108 95 18 131 8 
7 5 5 5 6 7 
6 4 4 5 5 7 
7 142 5 131 6 33 
7 4 5 5 5 7 
7 5 5 5 5 27 
7 197 131 14 129 7 
7 5 233 5 198 7 
55 5 219 5 119 7 
23 10 25 5 5 7 
44 5 306 5 22 7 
7 126 5 65 5 34 
9 5 197 5 115 7 
7 92 225 6 122 7 
6 4 7 5 5 7 
7 68 9 82 5 39 
55 4 78 5 5 7 
7 5 174 5 95 7 
7 5 204 5 191 7 
7 5 5 90 5 38 
90 19 5 203 6 34 
20 61 193 5 39 7 
7 28 5 5 5 8 
7 4 5 5 5 10 
59 5 224 5 32 35 
37 4 5 5 5 7 
7 4 5 5 166 7 
52 5 140 5 197 7 
7 4 5 5 5 7 
7 4 5 5 5 7 
7 177 5 65 6 7 
7 264 5 135 6 31 
7 88 5 96 5 41 
7 4 5 5 5 7 
7 4 4 5 5 7 
29 5 140 5 131 7 
7 137 52 90 290 7 
81 5 256 5 211 8 
72 22 185 5 183 7 
7 98 24 28 146 7 
100 5 65 44 5 58 
7 29 5 112 56 24 
7 5 5 64 5 34 
7 4 5 5 5 8 
71 4 4 5 5 7 
7 4 5 5 5 7 
7 5 148 5 112 7 
94 5 72 77 5 63 
42 24 151 11 92 7 
7 4 5 5 5 7 
69 5 200 5 181 7 
20 4 5 67 10 28 
144 5 203 5 286 7 
15 5 153 5 78 15 
6 4 4 5 5 7 
7 5 5 75 5 38 
135 1122 117 353 56 8 
64 5 104 5 5 7 
7 136 5 150 6 36 
7 21 5 186 73 24 
6 4 4 4 5 7 
7 45 10 140 347 7 
40 33 227 5 51 7 
82 5 139 5 179 7 
7 4 5 5 5 7 
7 114 5 89 5 50 
7 4 4 5 5 7 
64 5 6 121 6 51 
119 5 110 5 122 7 
43 5 140 5 7 36 
7 5 220 5 235 7 
7 4 5 5 85 7 
7 105 5 142 6 33 
7 110 17 45 109 7 
89 5 185 5 177 7 
7 5 29 5 198 7 
19 5 123 5 113 7 
7 160 5 117 6 48 
7 4 5 5 5 7 
7 5 34 5 267 7 
7 5 394 5 5 7 
7 5 48 5 134 7 
37 4 146 20 6 47 
7 81 5 89 5 7 
7 4 5 5 5 7 
14 73 44 95 101 7 
6 4 4 5 5 7 
6 4 4 5 5 7 
106 5 106 5 6 7 
72 5 103 5 6 8 
113 8 13 96 5 47 
7 132 5 161 6 38 
7 207 5 106 6 40 
73 5 76 73 5 7 
19 18 186 5 231 7 
7 5 206 5 195 7 
62 5 184 5 161 7 
7 4 5 5 5 7 
6 4 4 5 5 7 
6 4 4 5 5 7 
7 160 5 135 6 42 
7 104 5 81 5 37 
7 197 5 163 6 42 
56 5 183 8 90 7 
7 4 5 5 5 7 
7 4 5 5 32 7 
7 5 184 5 92 17 
46 5 193 5 153 7 
34 5 193 5 430 9 
7 131 5 85 6 24 
26 5 213 5 138 23 
77 27 226 5 11 7 
7 88 211 5 69 6 
7 196 5 167 6 11 
7 58 5 58 5 31 
7 136 9 94 6 34 
7 102 5 85 5 33 
7 4 5 5 5 7 
7 141 5 107 96 16 
7 163 5 94 144 7 
7 4 4 5 5 7 
7 37 5 84 155 19 
18 5 192 5 5 40 
13 94 5 134 6 52 
7 171 5 198 329 14 
6 4 4 5 5 7 
9 5 217 5 174 12 
7 34 5 103 225 11 
7 100 5 139 6 31 
7 5 78 5 142 7 
7 5 155 5 174 7 
7 179 5 88 6 14 
7 4 4 5 5 7 
9 133 143 5 165 7 
30 34 5 101 5 58 
7 4 5 5 7 7 
7 4 5 5 5 7 
7 172 174 5 96 7 
7 217 164 15 132 7 
22 78 5 151 6 40 
7 4 5 5 5 7 
69 5 47 5 5 7 
31 335 357 15 21 7 
7 286 5 167 6 54 
94 5 92 42 6 59 
7 4 4 5 5 7 
7 68 5 67 5 27 
7 5 5 163 5 45 
7 4 5 5 5 7 
7 51 5 144 6 66 
76 5 243 5 544 28 
7 5 5 5 5 7 
7 113 5 176 9 49 
6 4 4 5 5 7 
58 5 121 5 120 7 
7 124 5 125 6 43 
53 4 194 6 5 7 
7 166 19 124 6 32 
7 115 5 97 201 12 
54 5 126 5 105 7 
13 68 217 5 109 7 
7 4 4 5 31 7 
10 68 130 5 112 7 
7 14 5 100 6 60 
115 48 293 5 192 14 
7 5 4 5 6 7 
109 5 94 24 6 56 
42 5 43 61 5 34 
7 171 101 75 304 7 
7 4 5 5 5 7 
7 5 5 5 5 7 
7 4 5 70 8 31 
7 86 5 5 6 7 
63 5 124 5 121 7 
9 5 149 5 82 31 
7 4 5 24 5 39 
6 4 4 5 5 7 
6 4 4 5 5 7 
61 5 103 5 146 7 
8 465 80 107 245 7 
7 5 250 5 153 7 
7 137 5 112 6 25 
7 4 5 5 5 7 
7 4 5 5 5 8 
7 115 5 89 5 24 
7 5 5 5 6 7 
7 79 5 125 167 10 
7 4 4 5 5 7 
7 139 5 138 6 38 
6 4 4 5 5 7 
7 4 5 5 5 7 
16 87 304 5 197 7 
7 4 4 5 5 7 
7 5 25 5 145 7 
37 4 5 5 5 7 
7 5 373 23 1122 73 
7 166 44 74 177 7 
7 4 5 5 6 7 
7 124 5 102 72 26 
7 5 205 5 293 7 
7 4 5 5 5 19 
7 95 5 74 7 36 
16 4 277 8 5 41 
30 5 138 5 138 7 
7 5 5 5 5 7 
7 156 5 84 167 7 
7 4 5 5 5 7 
6 4 5 5 6 7 
47 141 5 215 6 35 
7 5 5 5 105 7 
51 5 269 18 5 66 
70 5 114 5 92 7 
67 5 122 5 6 7 
7 4 5 5 5 7 
7 4 5 6 5 7 
26 4 5 5 5 7 
13 91 280 5 26 7 
7 230 6 85 123 12 
7 155 84 16 126 7 
60 5 31 5 5 7 
6 4 4 5 5 7 
7 5 292 5 485 8 
7 4 5 5 5 21 
66 4 5 23 5 7 
7 5 196 5 245 7 
7 5 5 5 38 19 
11 5 145 5 22 33 
7 153 149 7 171 7 
6 5 5 5 6 7 
7 162 5 226 6 33 
11 132 225 5 63 7 
7 32 5 91 5 41 
155 5 268 25 226 7 
84 12 5 25 5 13 
7 30 5 107 5 8 
57 11 31 16 5 7 
26 32 270 5 8 7 
7 89 5 98 5 25 
7 5 5 47 5 55 
32 5 93 5 64 7 
7 4 5 5 5 7 
38 5 171 5 127 9 
7 4 5 5 5 7 
6 4 4 5 5 38 
75 5 205 12 5 28 
65 5 102 5 5 7 
7 121 21 36 128 10 
6 4 4 5 5 7 
7 143 5 109 12 37 
7 4 5 5 5 9 
7 143 135 161 159 7 
48 5 91 25 5 40 
7 179 5 101 5 7 
11 65 145 5 151 7 
7 4 4 5 5 7 
6 5 5 5 6 7 
7 4 5 5 5 8 
7 189 5 14 5 7 
60 5 44 90 5 44 
50 5 224 5 224 7 
7 4 5 54 5 24 
30 5 56 5 10 7 
7 189 5 111 6 42 
7 129 5 178 6 38 
7 42 27 122 200 13 
26 4 203 10 6 45 
7 4 5 5 5 7 
7 4 4 6 5 7 
7 4 5 5 5 7 
6 4 12 5 5 7 
298 8 520 12 243 9 
7 267 5 90 20 25 
122 5 179 47 6 56 
7 185 5 117 6 31 
75 6 5 118 5 67 
6 4 4 5 5 7 
7 251 5 124 6 43 
9 107 5 120 6 92 
61 5 16 32 5 32 
7 163 5 116 5 31 
45 15 5 151 5 26 
53 5 262 5 179 7 
7 120 5 91 194 7 
6 4 4 5 6 7 
6 4 4 5 5 7 
7 50 5 59 10 26 
65 5 572 5 304 7 
7 37 5 85 5 7 
139 4 5 5 7 7 
58 4 5 97 5 52 
79 5 122 11 6 32 
66 5 15 5 5 7 
7 157 5 59 8 26 
60 4 5 74 5 74 
7 201 5 26 5 7 
67 5 5 175 6 71 
6 4 4 5 5 7 
67 5 184 5 200 7 
106 5 160 5 146 11 
7 198 5 130 6 39 
7 4 5 5 5 7 
7 5 5 5 5 104 
51 5 5 5 5 7 
28 33 5 70 5 43 
7 4 5 5 5 7 
68 4 5 5 5 7 
62 6 5 163 6 35 
7 117 5 87 286 8 
7 67 5 72 28 46 
7 4 5 5 5 7 
7 4 5 5 5 7 
7 4 5 5 5 7 
33 36 138 5 613 7 
55 5 191 5 250 7 
74 5 183 5 48 14 
7 22 5 157 78 12 
7 122 5 148 5 31 
7 221 103 40 227 7 
7 61 5 106 171 7 
7 182 5 115 20 38 
76 4 276 5 169 7 
96 4 152 5 5 46 
7 4 5 5 5 7 
7 193 5 239 6 53 
73 5 5 5 5 7 
7 4 5 5 5 7 
70 5 215 5 265 7 
31 5 170 5 113 9 
7 4 5 5 5 7 
35 5 149 5 188 7 
7 24 5 96 5 31 
7 219 207 110 542 150 
105 4 176 5 66 9 
70 4 5 5 5 7 
7 4 4 6 5 7 
7 4 5 26 5 85 
7 5 5 136 5 78 
7 223 5 193 6 13 
7 125 5 134 6 37 
37 4 7 11 5 7 
47 5 168 31 6 42 
7 4 5 5 5 7 
7 125 132 64 167 7 
6 4 4 5 5 7 
102 5 167 5 175 7 
79 5 156 5 179 7 
7 134 5 114 7 39 
7 128 5 21 5 7 
7 4 69 5 156 7 
6 4 4 5 5 31 
53 4 4 5 5 7 
7 189 5 66 6 31 
7 5 31 5 226 7 
7 156 5 151 5 40 
7 136 5 113 5 36 
79 5 186 5 191 7 
7 4 5 5 5 7 
6 4 4 5 5 7 
7 157 5 124 5 41 
6 4 4 5 5 7 
7 107 5 146 6 27 
62 5 61 5 7 7 
8 12 5 54 5 37 
7 47 5 90 6 48 
72 5 166 5 182 7 
7 4 5 5 5 7 
6 4 4 5 5 7 
7 4 5 5 6 7 
192 4 5 5 5 7 
7 5 6 5 6 7 
7 4 4 5 5 7 
7 61 33 96 332 7 
7 5 106 5 254 7 
7 4 5 5 5 7 
7 4 4 5 5 7 
73 4 5 5 5 7 
7 4 5 5 5 7 
89 5 379 5 222 7 
8 101 5 95 6 59 
101 5 43 5 8 7 
15 132 5 78 5 43 
7 4 4 8 5 46 
7 126 5 104 5 37 
42 4 189 5 123 33 
7 4 8 5 5 7 
63 5 192 5 174 7 
52 5 5 5 7 7 
7 20 5 5 5 7 
14 5 100 5 72 7 
39 5 152 5 166 11 
7 197 5 129 6 75 
6 4 4 5 5 7 
64 5 209 5 64 23 
37 5 116 5 26 7 
7 4 4 5 5 7 
48 5 5 62 6 49 
7 155 92 47 168 7 
7 4 4 5 5 7 
7 5 147 5 227 7 
90 6 36 72 7 37 
76 5 223 5 162 9 
18 4 5 5 5 7 
26 5 4 5 5 7 
7 5 46 5 137 7 
7 4 5 5 12 7 
7 5 6 5 141 7 
7 5 5 5 96 7 
7 186 5 140 5 36 
7 199 5 129 6 8 
7 5 126 5 171 7 
7 4 4 6 6 25 
7 5 4 5 5 7 
94 5 94 5 5 7 
49 5 178 5 40 7 
6 4 4 5 5 7 
7 42 6 192 224 10 
7 4 5 5 5 7 
6 4 4 5 5 7 
7 29 5 130 5 34 
7 406 5 104 11 14 
47 5 191 5 6 5 
14 189 46 281 118 88 
22 4 4 5 6 7 
46 5 108 5 160 7 
45 5 129 5 81 30 
28 59 177 5 53 7 
7 128 172 5 140 7 
7 90 5 105 5 27 
64 5 138 5 229 7 
7 4 5 5 5 7 
7 109 7 74 151 7 
7 4 5 5 5 7 
22 163 5 155 5 46 
7 89 7 10 5 7 
7 73 5 5 5 7 
37 5 221 5 391 8 
7 68 5 99 5 31 
7 5 13 5 265 7 
21 5 220 5 57 19 
7 4 4 5 5 7 
6 4 5 5 5 7 
7 4 5 5 6 7 
51 5 150 5 198 7 
7 5 5 5 5 7 
19 5 192 5 176 7 
7 4 4 5 5 6 
7 286 5 121 5 20 
33 5 126 5 106 7 
7 38 5 106 5 25 
115 5 76 5 5 7 
7 68 5 51 6 7 
25 31 194 5 48 7 
24 5 96 5 125 7 
7 5 4 10 5 43 
7 120 5 73 5 51 
89 5 163 5 171 7 
87 5 127 5 131 7 
7 40 5 95 5 31 
7 5 4 5 5 7 
69 5 166 5 155 7 
7 4 4 5 5 7 
7 180 10 117 184 7 
41 7 166 5 6 7 
7 5 5 5 5 7 
7 4 4 5 5 7 
7 4 4 5 5 7 
12 29 4 5 5 7 
65 5 60 68 5 43 
15 4 5 5 5 7 
47 5 5 5 6 7 
7 4 4 5 5 7 
33 77 34 1005 357 62 
81 5 200 5 208 7 
29 5 193 10 5 51 
7 41 5 51 5 37 
7 50 148 14 211 7 
7 5 5 5 6 7 
7 379 5 172 6 35 
7 4 5 5 5 7 
7 4 5 5 5 7 
71 22 179 5 188 7 
65 7 77 5 155 7 
80 5 109 5 163 7 
7 4 5 5 5 7 
46 5 121 65 6 40 
7 159 92 40 176 7 
7 4 5 5 5 9 
7 1122 18 1122 20 143 
10 4 111 5 208 8 
136 5 118 5 10 20 
7 4 5 5 6 7 
7 5 5 5 5 7 
37 5 71 40 6 38 
80 4 153 5 5 58 
7 4 4 5 5 7 
7 4 5 5 5 7 
7 218 126 25 130 7 
7 4 4 5 6 7 
55 5 174 5 118 8 
24 52 155 12 207 7 
7 4 5 5 5 7 
6 4 5 5 5 7 
7 129 5 93 5 7 
15 42 5 5 21 7 
7 4 5 5 7 7 
54 3 1122 23 1122 8 
7 4 135 5 167 7 
7 156 5 206 6 42 
7 4 4 5 5 7 
7 4 4 5 6 7 
7 118 5 74 5 16 
58 23 5 689 13 56 
7 4 4 5 7 7 
7 50 5 5 18 7 
7 264 28 33 182 7 
86 4 1122 7 1122 11 
7 4 5 5 5 7 
27 77 408 5 140 7 
7 5 12 5 146 7 
69 5 246 5 293 7 
72 5 180 5 218 7 
7 258 198 6 303 7 
7 5 5 5 7 7 
7 4 4 5 5 7 
6 68 5 144 5 7 
7 4 5 5 5 7 
7 4 5 5 178 7 
7 5 88 5 266 7 
95 10 152 5 121 7 
28 5 152 5 185 7 
10 4 5 5 5 7 
7 217 5 81 6 35 
7 176 5 143 169 7 
7 165 152 5 207 7 
7 4 5 5 6 7 
57 5 146 5 118 8 
7 227 5 90 6 33 
7 144 90 8 246 8 
6 4 4 4 5 7 
52 5 142 5 163 7 
7 4 5 5 5 16 
7 4 5 5 5 7 
7 130 51 91 182 7 
7 4 4 5 5 7 
6 4 4 5 5 7 
81 5 167 5 299 7 
85 5 5 126 5 53 
49 5 66 5 147 7 
7 4 4 5 5 7 
7 116 5 105 86 7 
17 4 5 6 5 7 
90 5 70 55 6 46 
7 4 5 5 5 7 
7 4 4 5 5 7 
14 80 5 139 7 67 
6 4 5 5 5 16 
7 262 5 106 6 69 
107 6 5 143 5 54 
36 4 5 5 5 7 
6 4 5 5 5 7 
7 117 5 124 5 23 
15 4 4 5 5 7 
7 97 5 95 5 32 
7 53 5 5 5 7 
7 4 4 5 5 7 
7 207 161 45 174 7 
55 5 196 37 5 47 
7 12 5 143 150 24 
7 5 5 45 5 56 
7 4 5 34 5 43 
7 4 5 5 5 6 
7 103 18 140 210 8 
7 128 5 109 5 7 
6 4 4 5 5 7 
7 4 5 5 5 7 
7 264 9 120 6 21 
7 6 5 131 5 30 
7 144 20 91 133 7 
48 5 185 5 248 7 
56 5 46 111 6 28 
7 139 33 127 230 7 
65 5 100 5 116 7 
6 4 4 5 5 7 
96 5 118 5 144 7 
82 5 260 5 159 7 
6 4 5 5 5 7 
34 4 75 5 84 7 
19 5 205 5 190 7 
80 10 5 165 5 58 
7 4 4 5 5 15 
46 5 226 5 173 7 
7 5 5 9 5 29 
7 4 5 5 5 7 
7 4 5 5 5 7 
43 5 94 5 82 7 
7 116 22 449 151 8 
7 5 5 5 139 7 
7 237 5 93 5 27 
7 177 5 113 5 49 
55 30 241 5 25 7 
7 117 5 5 5 7 
6 4 4 5 5 7 
7 5 5 5 822 7 
108 5 45 39 6 36 
7 4 5 5 6 7 
67 4 30 7 5 7 
8 204 223 5 135 8 
71 5 114 5 6 7 
7 131 178 5 230 7 
8 163 5 154 6 37 
7 142 9 105 10 30 
19 5 90 5 53 7 
6 4 4 5 5 7 
49 5 43 5 5 15 
7 4 4 5 5 7 
7 122 89 8 337 7 
6 4 4 5 5 7 
73 4 250 5 6 7 
47 4 5 5 5 7 
64 5 207 5 28 21 
6 4 4 5 5 7 
7 4 5 30 5 8 
7 4 4 5 5 7 
7 8 5 5 5 7 
6 4 4 5 5 28 
7 152 5 160 5 37 
7 4 4 5 5 7 
36 46 5 189 6 83 
60 5 180 5 227 7 
60 5 194 5 117 7 
7 4 4 5 5 7 
85 5 17 5 5 7 
85 5 50 48 5 39 
65 5 200 5 272 8 
7 4 5 5 5 7 
7 5 63 5 209 7 
233 5 491 10 19 58 
7 4 4 5 5 7 
126 5 181 5 220 7 
7 4 4 5 5 7 
63 5 202 5 145 7 
7 84 5 142 6 35 
34 5 233 5 42 33 
8 5 180 5 204 7 
7 4 5 166 5 9 
7 4 5 139 5 48 
44 66 243 5 247 7 
7 4 4 5 6 7 
21 5 238 5 14 51 
84 5 601 5 238 7 
7 156 5 118 175 21 
7 117 8 185 185 10 
49 5 52 5 6 7 
7 171 5 160 104 9 
9 4 154 5 146 7 
78 5 149 5 124 7 
7 157 5 278 18 25 
33 4 4 5 5 7 
79 5 65 5 5 7 
23 4 154 5 147 7 
17 5 124 5 155 11 
7 160 5 76 6 7 
7 4 5 5 5 7 
6 4 4 5 5 6 
12 296 175 5 228 7 
6 4 5 5 5 7 
7 4 5 5 5 7 
6 4 4 5 5 7 
7 151 5 167 6 54 
7 196 7 90 8 26 
10 15 5 5 5 7 
7 116 27 85 199 7 
10 5 155 10 5 47 
7 154 6 138 6 49 
78 5 250 5 122 7 
58 5 175 5 328 7 
20 5 154 15 5 33 
7 123 48 34 103 7 
7 122 5 111 152 29 
7 4 4 5 5 7 
7 192 5 138 195 7 
7 275 5 141 6 55 
6 4 4 5 54 7 
8 126 13 16 129 7 
136 5 124 65 6 61 
7 4 5 5 6 7 
43 5 326 5 265 7 
7 92 41 43 109 7 
7 4 5 5 5 7 
7 4 4 5 10 7 
7 4 4 5 5 7 
7 4 5 5 5 7 
7 92 7 84 172 7 
52 5 161 5 149 7 
7 5 330 5 235 7 
12 134 5 96 6 41 
6 4 4 5 5 7 
50 5 262 5 170 7 
7 38 5 64 5 25 
183 5 333 5 6 7 
7 4 5 5 5 7 
7 5 5 71 5 50 
7 4 5 21 5 35 
7 105 5 142 7 19 
7 5 4 5 5 7 
80 5 152 5 173 8 
7 5 8 5 94 7 
59 5 113 5 5 12 
9 86 12 120 6 67 
40 37 5 123 5 46 
7 202 5 199 6 80 
33 4 4 5 5 7 
7 163 294 5 197 7 
107 5 155 5 14 7 
7 4 5 5 6 7 
91 5 164 5 117 7 
7 4 10 5 5 7 
7 5 5 5 5 7 
7 5 5 5 80 7 
54 5 146 5 229 7 
7 5 5 5 5 7 
6 4 4 5 5 7 
56 5 143 5 149 7 
47 5 155 40 6 53 
17 5 113 5 303 7 
7 4 5 5 5 7 
7 64 5 163 5 40 
7 5 204 5 184 7 
53 5 206 5 87 33 
7 4 5 5 5 7 
7 260 176 5 170 7 
58 5 144 5 227 7 
76 5 34 81 6 39 
6 4 4 5 5 11 
6 4 5 5 5 7 
25 41 5 147 5 45 
7 90 5 140 5 47 
51 4 33 5 5 7 
7 4 4 5 5 7 
7 148 5 165 5 30 
7 11 4 5 5 7 
6 4 5 57 5 61 
9 4 4 5 5 7 
7 4 5 71 5 54 
68 5 153 18 6 38 
58 5 18 54 5 35 
47 4 91 5 6 7 
7 132 53 90 145 7 
40 45 254 5 15 7 
6 4 4 5 5 44 
7 112 5 409 6 52 
7 5 5 5 5 7 
7 5 38 5 183 7 
7 204 5 183 6 44 
7 98 5 65 5 24 
6 4 4 5 7 7 
47 6 146 5 11 48 
7 4 5 107 5 17 
7 4 5 5 5 7 
6 4 4 5 5 7 
7 163 66 50 293 7 
56 5 163 53 5 54 
7 104 5 168 71 28 
7 4 4 5 5 7 
57 5 182 5 19 26 
74 11 5 93 6 33 
7 122 5 212 6 88 
48 31 171 5 153 7 
132 5 165 5 161 7 
50 4 33 5 5 7 
6 4 4 5 5 7 
7 5 5 5 5 8 
8 5 197 5 130 16 
8 74 87 5 93 8 
94 5 199 5 139 7 
67 4 177 5 190 7 
48 34 5 125 6 30 
56 5 85 30 5 38 
7 5 162 5 54 7 
6 4 4 5 6 7 
49 5 142 5 253 7 
53 5 138 5 96 7 
7 137 5 53 5 54 
7 5 5 22 5 42 
7 199 5 100 86 16 
7 73 5 65 6 35 
7 4 4 5 5 7 
7 5 71 5 252 7 
7 4 4 5 5 7 
7 4 5 6 5 52 
7 5 5 5 71 7 
79 5 214 5 139 16 
7 131 52 44 197 7 
51 5 109 5 68 17 
6 4 4 5 5 7 
7 4 4 5 5 7 
7 4 4 5 5 7 
8 110 326 5 90 7 
7 4 5 71 5 59 
125 5 44 6 5 53 
7 4 5 5 5 7 
7 84 16 66 162 7 
7 116 5 79 5 48 
7 243 5 187 6 40 
7 179 5 18 6 8 
63 5 216 8 41 24 
43 4 203 5 83 7 
103 5 55 40 5 47 
42 53 282 5 197 7 
7 4 4 5 5 7 
7 138 6 164 5 62 
6 4 5 5 5 7 
128 5 274 5 77 7 
7 123 5 96 15 28 
40 89 5 160 5 41 
7 4 4 5 5 7 
10 4 178 5 42 29 
7 122 5 88 149 7 
11 137 4 5 5 7 
7 42 5 120 39 10 
10 4 5 5 5 7 
7 4 4 5 215 7 
51 5 72 5 98 7 
7 4 4 5 47 9 
7 210 43 33 247 7 
7 191 178 62 145 7 
7 71 5 109 57 17 
31 4 5 5 5 7 
7 4 4 5 5 7 
7 19 4 5 5 7 
54 5 208 5 254 7 
57 5 252 5 156 7 
7 59 5 206 335 7 
55 5 96 5 168 7 
45 5 180 5 103 7 
7 5 101 5 193 7 
40 163 5 219 6 55 
63 4 44 5 6 7 
7 5 4 5 6 7 
7 4 5 5 5 7 
22 5 142 5 110 10 
35 5 5 66 6 36 
7 121 5 150 39 32 
7 4 5 104 5 27 
91 5 380 5 46 7 
7 63 72 5 163 7 
7 139 5 71 75 16 
6 4 4 5 5 7 
7 5 5 5 194 7 
7 85 5 5 5 7 
78 5 252 5 6 50 
7 4 4 5 5 6 
7 145 5 129 6 66 
6 4 6 5 5 7 
51 16 127 5 87 20 
7 104 59 53 182 7 
38 101 212 5 85 7 
43 5 133 5 103 7 
6 4 4 5 5 7 
73 5 27 116 7 58 
7 200 85 21 454 7 
7 18 5 93 8 43 
7 4 5 5 5 7 
7 173 7 165 5 44 
7 108 5 77 5 8 
6 4 4 5 5 8 
7 5 4 5 5 7 
7 147 5 162 6 52 
6 4 5 5 5 7 
81 5 245 5 241 13 
46 4 121 5 90 7 
7 4 5 5 5 7 
7 5 76 15 5 55 
7 34 5 138 5 45 
7 4 5 5 6 7 
7 4 4 5 5 7 
7 221 5 122 6 28 
7 124 5 122 6 54 
7 181 5 39 5 8 
15 4 5 5 5 7 
7 171 5 138 140 12 
20 5 240 5 438 7 
7 175 5 135 6 34 
7 194 5 164 6 42 
7 4 5 5 5 7 
7 172 5 183 6 14 
7 4 5 5 5 27 
7 5 5 5 5 7 
8 4 4 5 5 18 
7 155 172 5 164 7 
11 39 5 398 6 28 
7 4 4 5 5 7 
7 139 5 75 5 41 
6 4 4 5 6 7 
60 5 331 5 115 7 
6 4 4 5 5 7 
7 108 5 124 5 43 
7 167 5 136 5 46 
7 4 10 5 7 7 
7 4 5 5 5 7 
7 4 4 5 5 7 
44 5 54 5 5 7 
6 5 5 5 5 7 
60 5 176 5 91 7 
7 214 16 91 166 7 
7 136 5 119 5 44 
7 123 148 5 207 7 
7 5 242 5 131 16 
7 4 5 5 5 7 
7 114 5 148 5 7 
7 109 5 148 184 7 
92 4 23 61 6 37 
65 5 235 5 158 7 
52 5 199 5 257 7 
83 5 139 5 121 7 
7 136 302 55 186 7 
57 5 157 5 129 8 
84 5 185 5 34 7 
7 4 4 5 5 30 
7 5 5 5 5 7 
8 7 404 5 210 10 
54 300 173 1122 45 78 
6 4 4 5 5 7 
39 70 5 190 5 30 
7 169 5 86 6 44 
7 4 5 5 5 7 
7 153 5 201 29 23 
7 4 4 5 5 7 
7 4 5 5 5 7 
7 4 4 5 5 7 
41 5 189 5 6 7 
7 4 5 5 5 36 
7 4 4 5 5 7 
51 5 5 113 6 57 
7 5 78 5 148 7 
7 242 5 139 6 38 
20 92 5 97 5 33 
7 126 5 161 83 10 
7 82 5 86 5 25 
7 60 5 222 296 7 
7 82 5 90 6 23 
7 4 30 5 180 7 
7 202 5 154 35 28 
40 5 140 41 6 29 
89 5 166 5 6 7 
7 4 5 49 5 46 
7 135 43 93 251 7 
7 68 5 74 5 57 
82 5 14 108 6 50 
7 165 5 218 6 60 
56 5 177 5 18 7 
7 108 5 62 108 7 
7 5 5 5 8 22 
7 129 5 16 5 7 
7 186 5 128 6 43 
7 147 5 145 5 16 
68 5 204 5 152 7 
7 5 92 5 220 7 
11 5 200 5 234 7 
6 4 10 5 5 7 
60 4 62 39 5 31 
45 5 39 87 5 70 
26 5 5 5 5 7 
71 156 5 139 6 58 
7 112 110 16 57 7 
7 183 143 69 289 7 
7 118 101 5 180 7 
7 4 5 5 5 7 
10 4 4 5 5 7 
7 57 95 33 140 7 
7 167 5 101 6 45 
7 5 49 5 41 7 
