62 723 86 91 15 10 
918 1119 171 306 10 22 
6 3 3 3 11 15 
726 191 110 63 19 14 
11 7 22 23 83 50 
18 54 19 95 6 94 
15 63 18 15 6 10 
15 14 19 15 7 10 
43 14 19 11 7 10 
15 71 27 26 63 10 
15 67 15 86 6 10 
15 14 19 14 6 10 
15 14 19 14 6 10 
58 14 78 11 6 10 
15 11 19 15 6 10 
15 14 19 15 6 10 
14 14 19 11 6 10 
38 11 18 14 7 10 
14 26 18 14 7 10 
3 3 7 3 11 19 
74 2 14 14 14 11 
14 14 18 14 6 10 
1119 1119 235 711 115 34 
15 14 19 10 6 10 
15 14 19 14 6 10 
14 14 18 14 6 10 
23 14 19 10 6 10 
15 14 19 15 6 10 
15 14 19 14 7 10 
14 30 18 15 7 10 
19 14 19 15 7 10 
15 63 19 14 7 10 
14 11 18 14 7 10 
18 11 18 14 7 10 
43 11 82 15 6 10 
23 11 18 15 6 10 
15 14 19 15 6 10 
15 82 18 118 6 7 
43 14 27 11 6 10 
3 3 3 3 14 10 
14 11 18 15 6 10 
14 18 18 14 6 10 
15 14 19 15 6 10 
63 14 71 15 66 10 
15 83 19 15 6 10 
14 14 19 15 6 10 
15 11 18 15 6 10 
678 783 295 162 23 10 
14 14 19 15 6 10 
15 14 19 11 6 10 
14 14 18 14 6 10 
15 14 19 10 6 10 
19 62 19 11 6 10 
367 427 83 91 18 15 
18 66 19 58 6 15 
339 367 151 63 15 11 
15 14 19 11 6 10 
15 11 18 15 6 10 
14 11 19 15 7 10 
15 70 18 54 82 10 
14 62 18 27 7 10 
15 34 19 10 7 10 
14 14 19 15 7 10 
15 14 19 15 7 10 
23 18 18 14 7 10 
15 14 19 15 7 10 
3 6 3 3 7 15 
14 14 19 14 6 10 
15 74 18 15 6 10 
39 11 98 14 94 11 
66 14 75 18 106 11 
14 14 19 15 6 10 
11 43 11 22 11 39 
26 14 19 15 6 10 
14 14 19 14 6 10 
14 14 19 14 6 10 
15 11 18 14 6 10 
379 99 322 167 6 10 
15 14 19 14 7 10 
15 11 18 15 7 10 
14 14 19 15 7 10 
15 50 19 10 7 10 
54 14 87 14 15 10 
14 15 18 14 7 10 
15 11 18 15 6 10 
14 14 19 14 6 10 
14 14 19 14 6 10 
7 3 3 3 7 11 
14 14 19 15 7 10 
15 46 19 15 6 10 
98 30 62 14 6 10 
15 14 19 14 6 10 
3 3 3 3 10 11 
14 70 19 47 6 11 
51 14 71 15 99 10 
15 11 18 14 6 10 
14 14 19 14 6 10 
15 14 19 11 6 10 
14 11 18 14 6 10 
15 31 19 15 6 10 
15 14 19 14 6 10 
15 14 19 15 6 10 
15 23 18 15 6 10 
3 3 2 3 6 15 
38 38 19 18 6 10 
14 14 18 14 6 10 
134 14 19 11 6 10 
715 346 658 70 75 34 
23 42 18 83 6 10 
14 14 19 15 6 10 
14 11 18 15 6 10 
23 86 34 43 19 74 
15 14 19 15 6 10 
55 14 19 14 6 10 
15 11 18 14 6 10 
35 15 19 14 6 10 
14 14 19 14 6 10 
15 14 19 14 6 10 
14 14 19 14 6 10 
14 14 18 14 6 10 
14 59 18 15 6 10 
14 14 19 14 6 10 
14 14 19 14 6 10 
54 11 43 15 10 10 
15 14 19 14 6 10 
15 14 19 11 6 10 
27 19 19 11 6 7 
70 14 58 14 6 10 
42 14 18 14 6 10 
14 14 19 14 6 10 
14 11 18 15 7 10 
14 11 19 15 7 10 
14 14 19 14 6 10 
15 34 19 11 6 10 
14 14 19 14 6 10 
18 14 19 14 6 10 
15 14 19 15 6 10 
19 11 19 14 6 10 
70 14 71 15 74 10 
14 14 18 14 6 10 
14 14 18 14 6 10 
14 11 18 15 6 10 
15 54 18 51 6 39 
14 14 19 11 6 10 
14 14 18 14 6 10 
14 14 18 14 6 10 
14 11 18 15 6 10 
15 54 19 15 6 10 
47 14 19 15 6 10 
14 11 18 15 6 10 
14 11 18 15 6 10 
15 11 19 15 6 10 
15 14 19 10 6 10 
14 14 19 15 6 10 
90 38 19 54 6 39 
15 14 19 15 6 10 
15 90 18 195 6 10 
15 51 18 62 6 39 
55 14 31 14 6 10 
14 11 18 14 6 10 
15 15 19 10 6 10 
15 14 19 11 6 10 
14 11 18 15 6 10 
15 14 19 15 6 10 
15 18 19 14 6 10 
14 14 19 15 6 10 
14 14 19 14 6 10 
86 11 18 15 6 10 
15 91 18 91 6 23 
31 14 58 7 71 14 
15 14 19 15 6 10 
23 6 82 31 34 27 
19 11 18 14 6 10 
15 11 18 10 6 10 
14 14 19 15 6 10 
14 58 18 14 6 10 
14 14 19 15 6 10 
31 14 19 11 6 10 
15 11 18 15 6 10 
14 23 19 15 6 10 
1118 1118 394 382 15 42 
19 31 19 14 6 10 
14 14 19 14 6 10 
15 11 18 14 6 10 
15 14 19 14 6 10 
3 3 3 3 11 15 
22 14 19 11 6 10 
47 14 19 11 6 10 
15 14 19 15 6 10 
87 11 18 14 6 10 
14 11 18 15 6 10 
55 14 50 15 6 10 
58 11 66 14 59 10 
14 14 19 14 6 10 
218 14 19 15 6 10 
15 23 19 15 6 10 
379 291 123 98 31 31 
15 14 19 11 6 10 
14 26 19 14 6 10 
19 14 19 15 6 10 
14 11 18 15 6 10 
58 14 63 15 43 10 
15 63 18 15 6 10 
66 14 42 15 6 10 
14 15 19 14 6 10 
23 11 19 15 6 10 
15 67 18 70 6 51 
18 14 19 14 6 10 
1114 218 470 98 47 11 
14 11 19 15 6 10 
14 14 18 14 6 10 
15 19 19 15 6 10 
70 447 154 91 210 15 
98 11 18 15 6 10 
14 82 18 115 6 62 
15 67 38 31 171 10 
15 11 18 15 6 10 
15 11 18 15 6 10 
14 11 18 15 7 10 
15 38 19 10 7 10 
6 3 3 3 35 106 
143 23 194 15 7 10 
14 39 18 14 7 10 
14 63 19 34 7 10 
238 127 78 122 10 19 
62 14 95 15 38 10 
59 14 19 14 7 10 
15 15 19 10 7 10 
18 11 18 15 6 10 
14 15 18 15 6 10 
54 14 22 46 6 39 
15 14 19 11 6 10 
154 14 170 15 207 10 
110 14 43 50 6 343 
30 38 67 15 30 10 
7 2 11 23 239 146 
14 15 19 14 6 10 
42 14 26 38 6 51 
74 11 71 15 159 10 
23 14 19 22 6 43 
14 18 18 14 6 10 
15 34 19 15 6 10 
15 14 19 10 6 10 
15 14 18 15 6 10 
22 18 130 14 6 10 
14 171 18 14 6 10 
14 11 18 14 6 10 
19 14 19 11 6 10 
3 3 3 3 23 11 
18 43 18 58 6 39 
74 15 62 15 6 10 
39 14 74 10 63 10 
15 11 19 10 7 10 
15 14 19 11 7 10 
74 11 19 15 7 10 
15 14 19 10 7 10 
15 38 19 15 7 10 
15 11 18 15 7 10 
3 3 3 3 19 18 
46 14 18 11 6 10 
43 11 46 14 6 10 
27 14 19 14 6 10 
14 18 18 15 6 10 
50 14 19 46 6 46 
15 14 19 14 6 10 
15 11 18 15 6 10 
14 11 18 14 6 10 
15 14 19 11 6 10 
23 38 22 15 11 10 
71 14 19 15 6 10 
15 55 15 71 62 11 
14 14 19 14 7 10 
14 14 19 14 7 10 
22 19 43 14 43 10 
15 11 18 15 6 10 
15 11 18 15 6 10 
15 54 15 59 6 38 
262 159 106 67 47 10 
151 14 18 15 6 10 
15 11 19 10 6 10 
14 14 19 14 6 10 
15 11 18 14 6 10 
15 39 19 10 6 10 
14 83 18 91 6 14 
15 14 19 11 6 10 
14 23 15 63 6 82 
47 14 54 15 6 10 
15 14 19 11 6 10 
15 14 19 11 6 10 
15 71 15 87 6 50 
14 14 19 15 6 10 
15 46 15 67 23 19 
14 14 19 14 6 10 
1035 143 294 214 15 74 
15 62 18 78 6 59 
59 14 27 15 6 10 
14 11 18 15 6 10 
58 14 63 14 58 10 
14 14 19 14 6 10 
15 11 18 15 6 10 
14 11 18 10 6 7 
15 46 18 23 6 10 
27 14 18 14 6 10 
15 59 19 47 19 23 
15 11 18 14 6 10 
22 11 19 14 6 10 
15 123 19 14 6 10 
14 11 18 15 6 10 
15 11 18 15 6 10 
14 14 18 14 6 10 
115 626 110 198 15 43 
50 11 62 15 6 10 
14 71 15 62 6 47 
10 7 11 14 18 30 
15 35 19 11 6 10 
15 54 19 11 6 10 
15 14 19 14 6 10 
31 14 54 15 62 10 
15 14 19 11 6 10 
14 55 51 14 98 10 
14 74 18 15 6 10 
15 14 19 14 6 10 
15 14 19 15 6 10 
14 34 18 14 6 10 
15 11 18 10 6 10 
58 14 79 15 62 10 
15 54 18 67 6 66 
18 38 18 67 6 39 
14 22 19 15 7 10 
14 11 19 15 7 10 
14 14 19 14 7 10 
15 14 18 15 7 10 
18 11 18 15 6 10 
15 14 19 11 6 10 
15 70 19 15 6 10 
47 14 19 11 6 10 
14 66 19 35 6 10 
14 14 19 14 6 10 
18 71 18 14 6 10 
14 11 18 15 6 10 
15 18 18 14 6 7 
46 14 19 15 6 10 
1119 639 111 598 7 18 
15 14 19 14 6 10 
14 11 18 15 6 10 
15 11 18 15 6 10 
15 55 18 63 67 10 
3 3 3 2 7 10 
15 74 19 23 6 10 
14 23 19 15 6 10 
290 30 22 94 6 67 
14 106 67 19 118 18 
15 14 19 10 6 10 
14 14 19 14 6 10 
15 14 19 15 6 10 
15 23 19 15 6 10 
14 14 18 14 6 10 
15 54 18 43 6 66 
15 98 15 78 6 10 
15 210 19 23 6 10 
14 14 19 14 6 10 
35 14 19 15 6 10 
15 59 18 42 6 10 
15 14 19 15 6 10 
15 11 18 15 6 10 
15 14 19 11 6 10 
15 11 18 15 6 10 
15 31 18 14 6 10 
14 14 19 14 6 10 
55 11 42 14 6 10 
14 11 18 14 6 10 
14 79 19 63 6 10 
14 30 19 14 6 10 
19 43 59 15 51 10 
51 66 19 23 6 10 
63 23 18 14 6 10 
15 11 18 15 6 10 
15 74 19 27 6 10 
14 14 19 14 6 10 
14 63 15 78 6 51 
15 14 19 11 6 10 
15 11 18 14 6 10 
34 11 18 15 6 10 
14 450 19 231 6 46 
15 11 18 14 6 10 
22 14 19 15 6 10 
15 14 19 14 6 10 
15 11 18 15 6 10 
15 14 18 15 6 10 
14 14 19 11 6 10 
15 14 19 10 6 10 
22 115 18 19 7 10 
3 3 3 6 15 11 
42 11 19 15 6 10 
14 38 18 14 6 10 
15 71 59 11 103 10 
15 219 18 15 6 10 
15 70 19 42 6 10 
35 23 59 14 71 10 
14 11 18 15 6 10 
14 14 18 15 6 10 
14 11 19 14 6 10 
15 39 19 51 6 23 
15 39 18 55 6 55 
14 14 19 15 6 10 
15 14 19 15 6 10 
14 38 19 15 6 10 
14 114 23 22 6 10 
15 14 19 15 6 10 
15 14 19 11 6 10 
15 14 19 15 6 10 
58 11 75 15 63 10 
14 14 18 15 6 10 
15 11 18 15 6 10 
15 11 18 15 6 10 
15 50 18 34 6 10 
15 11 18 15 6 10 
14 14 19 15 6 10 
14 59 18 23 6 10 
14 11 18 15 6 10 
47 14 19 15 6 10 
14 123 19 18 6 10 
47 11 42 30 6 35 
15 14 19 11 6 10 
15 59 19 14 6 10 
15 11 18 15 6 10 
14 14 19 15 6 10 
18 14 18 15 6 10 
14 59 19 14 6 10 
55 14 19 14 6 10 
14 11 18 14 6 10 
14 14 19 14 6 10 
15 71 19 11 6 10 
51 14 58 15 50 10 
15 14 23 10 6 10 
15 11 18 14 7 10 
14 42 19 15 7 10 
15 11 18 15 7 10 
70 11 59 15 38 10 
18 43 50 15 62 10 
15 11 18 15 7 10 
15 11 18 15 7 10 
162 14 18 15 7 10 
15 11 18 15 7 10 
14 11 18 15 7 10 
14 14 19 11 7 10 
15 14 19 11 7 10 
15 14 19 10 7 10 
15 14 19 10 7 10 
194 14 18 15 7 10 
14 11 18 15 7 10 
14 11 18 14 7 10 
14 14 19 22 7 10 
15 14 19 11 7 10 
14 14 19 14 7 10 
266 211 75 34 22 26 
15 11 18 10 6 10 
55 46 15 66 6 30 
31 14 19 14 6 10 
18 14 19 14 6 10 
14 19 19 14 6 7 
14 11 18 15 6 10 
14 11 18 15 6 7 
890 698 974 127 243 15 
14 22 19 15 6 10 
74 14 35 18 6 51 
95 318 23 46 7 11 
14 42 19 15 6 10 
14 11 18 14 6 10 
15 11 18 15 6 10 
14 14 19 15 6 10 
14 11 18 15 6 10 
15 14 19 15 6 10 
46 11 51 15 6 10 
14 14 19 14 6 10 
15 78 19 11 6 10 
15 11 18 15 6 7 
14 14 18 15 6 10 
14 14 19 14 6 10 
22 14 19 11 6 10 
15 174 19 15 6 10 
39 14 23 38 6 62 
15 18 19 11 6 10 
14 14 19 15 6 10 
15 14 19 15 6 10 
14 14 19 14 6 26 
15 14 19 15 6 10 
15 14 19 14 6 10 
51 14 23 11 6 10 
15 11 18 15 6 10 
26 11 18 14 6 10 
14 38 19 14 6 10 
15 11 18 15 6 10 
15 11 18 15 6 10 
67 11 26 14 6 10 
14 14 18 23 6 43 
14 14 19 14 6 10 
14 71 18 15 6 10 
14 14 19 15 6 10 
38 14 19 14 6 10 
22 14 19 18 6 7 
15 14 19 14 6 10 
19 14 19 30 6 10 
18 14 19 15 6 10 
15 11 19 10 6 10 
59 14 34 46 6 58 
15 19 19 11 6 10 
14 59 18 22 11 10 
14 14 19 14 6 10 
15 14 19 11 6 10 
55 11 18 15 6 10 
18 14 19 14 6 10 
15 55 18 51 6 35 
15 14 19 15 6 10 
14 14 19 14 6 10 
22 14 19 14 6 10 
15 14 19 11 6 10 
15 51 19 11 6 10 
42 14 18 15 6 10 
14 14 19 14 6 10 
26 18 19 11 6 10 
874 143 226 99 39 27 
15 14 19 15 6 10 
14 59 18 194 6 10 
14 51 18 18 6 10 
50 11 90 15 143 10 
15 11 18 14 6 10 
78 14 22 11 6 10 
91 11 46 14 50 10 
15 66 19 47 6 10 
15 14 19 10 6 10 
15 11 19 15 6 10 
19 47 19 15 6 10 
18 38 19 43 6 59 
63 11 38 15 6 10 
15 31 22 14 22 11 
15 11 18 14 6 10 
15 15 19 15 6 10 
15 14 19 15 6 10 
15 75 18 30 6 10 
14 14 19 14 6 7 
14 14 19 10 10 10 
14 11 19 14 6 10 
14 14 19 14 6 10 
15 14 19 10 6 10 
55 14 78 14 7 11 
310 407 1062 23 226 15 
14 18 19 10 6 10 
14 14 19 15 6 10 
22 14 19 19 6 15 
14 11 19 14 6 10 
14 19 19 14 6 10 
187 14 19 14 6 10 
15 11 19 15 6 10 
51 14 19 14 6 10 
15 14 19 14 6 10 
507 1118 198 1082 138 135 
14 11 18 15 6 10 
174 203 30 42 11 15 
15 15 19 15 6 10 
15 14 19 14 6 10 
91 686 167 134 42 18 
42 11 18 14 6 10 
15 14 19 14 6 10 
14 11 18 22 6 10 
14 90 19 51 6 34 
15 67 19 46 6 10 
14 11 18 15 6 10 
14 11 18 15 6 10 
15 11 18 15 6 10 
38 14 19 10 6 10 
87 11 15 14 6 10 
14 43 46 15 66 10 
3 18 11 10 11 10 
15 15 18 15 6 10 
15 38 15 66 6 35 
23 26 18 15 6 10 
54 15 19 34 6 58 
15 74 19 50 7 11 
15 11 18 14 6 10 
14 18 19 14 6 10 
3 3 3 3 15 35 
14 55 19 22 6 10 
35 31 58 15 74 10 
43 11 54 14 23 10 
14 14 19 14 6 10 
15 14 19 10 6 10 
3 3 6 3 6 11 
15 14 19 10 6 10 
15 14 19 10 6 10 
15 14 19 15 6 10 
1119 1119 1119 690 414 86 
62 14 19 14 6 10 
15 11 18 15 6 11 
50 114 22 22 6 10 
19 14 182 10 103 10 
459 247 38 111 15 7 
14 14 19 14 6 10 
15 259 19 11 6 10 
47 11 23 14 6 10 
14 14 19 14 6 10 
14 14 18 15 6 10 
54 14 19 46 6 10 
14 11 18 15 6 10 
15 51 18 15 7 10 
19 11 18 15 7 10 
15 74 18 62 7 51 
26 39 66 14 71 10 
14 11 18 14 7 10 
14 14 19 14 7 10 
15 14 19 11 7 10 
22 42 30 18 15 22 
15 15 18 15 7 10 
14 58 19 34 7 10 
15 14 19 14 6 10 
15 14 19 11 6 10 
14 14 19 14 6 10 
14 14 19 14 6 10 
75 14 58 15 46 10 
114 11 18 15 6 10 
14 162 19 14 6 10 
170 14 18 10 6 10 
15 11 18 15 6 10 
14 14 18 14 6 10 
15 14 19 11 6 10 
14 11 18 14 6 10 
15 14 19 10 6 10 
14 14 19 15 6 10 
14 14 18 14 6 10 
15 11 18 10 6 10 
51 14 75 15 54 10 
14 14 19 14 6 10 
3 3 6 2 7 11 
15 14 19 14 6 10 
14 54 19 62 6 74 
15 14 19 10 6 10 
15 54 18 14 6 10 
14 34 19 15 6 10 
15 11 18 10 6 7 
30 14 19 14 6 10 
15 14 19 14 6 10 
15 31 19 11 6 10 
15 11 18 15 6 10 
227 1119 127 234 18 55 
115 14 19 14 6 10 
14 15 19 11 6 10 
15 34 18 14 6 10 
3 14 3 3 14 14 
15 14 19 11 6 10 
15 14 19 14 6 10 
15 11 18 14 6 10 
14 14 19 15 6 10 
15 11 18 15 6 10 
14 14 19 14 6 10 
15 14 19 15 6 10 
67 14 63 14 342 10 
63 14 78 15 6 10 
14 22 19 15 6 11 
15 14 19 15 6 10 
14 14 19 15 6 10 
14 14 19 14 6 10 
15 19 19 15 6 10 
43 14 18 15 6 10 
14 14 19 11 6 10 
15 91 18 54 6 46 
14 11 19 14 6 10 
14 11 18 10 6 10 
66 14 126 15 6 10 
15 11 18 15 6 10 
15 14 19 15 6 10 
15 11 18 15 6 10 
51 11 39 14 6 10 
15 22 19 26 6 10 
14 14 18 14 6 10 
18 14 19 15 6 10 
14 46 18 14 6 10 
15 11 18 15 6 10 
14 11 18 15 6 10 
71 14 26 11 6 10 
82 14 19 15 6 10 
14 14 19 15 6 10 
42 23 82 14 42 10 
15 11 18 15 6 10 
15 14 19 14 6 10 
14 87 15 67 6 42 
14 11 18 14 6 10 
59 11 50 14 6 27 
15 14 19 10 6 10 
47 14 19 15 6 10 
14 14 19 15 6 10 
15 11 18 15 6 10 
14 11 18 15 6 10 
15 70 18 58 6 10 
14 11 19 15 6 10 
15 11 18 15 6 10 
15 11 18 15 6 10 
14 14 67 15 75 10 
14 74 18 15 6 10 
18 46 18 14 6 10 
14 11 18 15 6 10 
14 86 19 14 6 10 
15 14 19 11 6 10 
14 11 18 15 6 10 
18 26 18 14 6 10 
14 14 19 15 6 10 
14 14 19 14 6 10 
14 14 19 14 6 10 
62 14 115 14 6 10 
15 11 18 15 6 10 
14 54 18 14 6 10 
15 11 18 15 6 10 
15 14 19 15 6 10 
15 18 19 22 6 10 
14 14 19 14 6 10 
67 14 71 15 54 10 
38 11 18 15 6 10 
55 11 67 15 59 10 
15 14 19 11 6 10 
18 62 19 42 6 10 
15 22 19 11 6 10 
14 31 47 14 99 10 
15 14 26 15 6 10 
14 14 19 14 6 10 
15 14 19 11 6 10 
14 14 19 15 6 10 
14 14 19 14 6 10 
162 14 18 15 6 10 
14 11 18 15 6 10 
14 11 19 15 6 10 
15 35 18 14 6 10 
54 14 71 14 63 10 
67 14 67 15 11 10 
62 14 59 15 6 10 
14 19 19 14 6 10 
14 11 18 15 6 10 
14 11 18 15 6 10 
15 14 19 14 6 10 
55 11 18 15 6 10 
15 14 19 11 6 10 
22 11 18 15 6 10 
15 11 18 15 6 10 
15 14 19 14 6 10 
14 14 19 11 6 10 
15 14 19 15 6 10 
115 14 22 14 6 10 
14 19 18 14 6 10 
63 14 71 15 6 10 
15 58 67 18 103 10 
202 114 18 127 66 11 
43 11 67 14 6 10 
3 3 3 3 7 30 
15 11 18 14 18 10 
26 23 18 15 102 39 
54 14 19 15 6 10 
35 22 18 87 6 18 
15 11 18 14 6 10 
27 14 19 11 6 10 
15 14 19 15 6 10 
14 11 19 14 6 10 
15 11 18 15 6 10 
15 14 19 14 6 10 
14 74 18 79 6 47 
15 14 19 10 6 10 
14 11 18 14 6 10 
15 11 18 15 6 10 
19 43 46 14 6 10 
14 11 19 15 6 10 
51 11 19 15 6 10 
15 11 18 14 6 10 
55 14 19 15 6 10 
14 11 18 15 6 10 
14 106 15 126 6 10 
15 14 19 10 6 10 
15 14 19 14 6 10 
15 11 18 15 6 10 
14 11 18 14 6 10 
14 14 19 14 7 10 
14 14 19 11 7 7 
50 31 19 51 7 23 
62 14 18 15 7 10 
14 14 19 14 6 10 
34 11 18 15 6 10 
15 34 19 10 6 10 
15 14 19 11 6 10 
15 14 19 15 6 10 
70 11 18 15 6 10 
39 14 18 14 6 10 
42 11 138 15 30 10 
14 14 18 14 6 10 
79 14 67 19 6 10 
42 14 71 15 47 10 
27 14 19 15 6 10 
70 14 70 14 66 10 
250 75 210 58 19 10 
14 95 18 35 6 10 
14 14 19 14 6 10 
15 11 102 15 94 10 
14 14 19 15 6 10 
134 19 70 14 6 10 
15 95 18 26 6 10 
30 11 18 14 6 10 
46 11 63 15 98 10 
15 14 19 10 6 10 
15 14 19 11 6 10 
15 18 19 15 6 10 
15 11 18 14 6 10 
14 171 19 14 6 10 
15 62 19 14 6 10 
14 14 18 14 6 10 
15 58 18 34 11 10 
15 11 18 15 6 10 
14 14 19 11 6 10 
15 11 18 14 6 10 
15 14 19 11 6 10 
15 14 19 11 6 10 
15 11 18 14 6 10 
19 14 19 14 6 10 
15 14 19 11 6 10 
15 171 19 14 6 10 
15 75 18 19 6 10 
67 14 19 14 6 10 
14 75 19 19 6 10 
15 14 19 11 6 10 
26 14 19 11 6 10 
107 14 19 15 6 10 
306 1119 94 459 35 30 
15 11 18 15 6 10 
14 14 19 14 6 10 
50 14 75 14 31 10 
59 14 18 11 6 10 
31 30 19 50 6 19 
15 59 18 70 6 39 
15 11 18 15 6 10 
30 14 19 14 6 10 
54 14 19 14 6 10 
15 70 18 63 6 10 
14 11 19 14 6 10 
14 14 19 15 6 10 
14 67 47 14 75 10 
14 14 19 14 6 10 
666 182 62 286 19 19 
14 47 19 54 6 10 
15 14 19 15 6 10 
23 11 18 15 6 10 
15 11 18 14 6 10 
14 14 19 14 6 10 
14 14 19 14 6 10 
50 14 74 19 91 10 
15 58 15 75 6 22 
14 11 18 15 6 10 
14 14 19 15 6 10 
14 63 18 15 6 10 
71 14 18 66 6 58 
14 11 18 14 6 10 
15 14 19 14 6 10 
15 14 18 11 6 10 
15 14 19 10 6 10 
14 14 19 14 6 10 
15 14 19 11 6 10 
43 14 22 34 6 38 
15 11 18 15 6 10 
43 14 46 15 6 10 
15 11 18 14 6 10 
14 11 19 14 6 10 
15 11 19 10 6 10 
14 14 19 11 6 10 
19 35 74 11 71 10 
15 39 18 71 6 27 
14 14 19 15 6 10 
54 14 47 11 6 10 
102 14 35 42 7 54 
6 3 3 3 51 22 
39 14 46 11 6 10 
15 11 18 15 6 10 
14 14 19 14 6 10 
14 11 18 15 6 10 
6 3 7 6 11 14 
18 70 38 18 78 10 
14 14 19 11 6 10 
14 14 19 11 6 10 
14 11 18 15 6 10 
14 14 19 14 6 10 
15 107 19 54 6 14 
14 110 18 15 6 10 
15 14 19 15 6 10 
15 11 18 15 6 10 
59 3 10 3 62 11 
15 14 19 10 6 10 
23 11 18 15 6 10 
94 11 18 15 6 10 
22 14 19 15 6 10 
14 38 19 83 6 46 
51 14 19 11 6 10 
14 14 19 15 6 10 
14 11 18 14 6 10 
55 14 62 11 6 10 
14 11 18 14 6 10 
14 14 19 14 6 10 
14 14 19 14 6 10 
22 14 19 14 6 10 
15 54 15 55 6 55 
14 11 18 14 6 10 
66 14 83 11 75 10 
34 22 11 26 15 19 
15 14 19 11 6 10 
14 82 19 15 6 10 
15 14 19 11 6 10 
15 14 19 15 6 10 
14 14 18 14 6 10 
15 34 18 14 6 10 
14 14 19 11 6 10 
54 14 74 14 34 10 
70 14 63 14 63 10 
14 11 18 15 6 10 
15 14 19 11 6 10 
23 30 30 19 15 18 
127 46 62 26 39 22 
14 23 18 15 6 10 
43 11 71 15 7 10 
15 14 19 14 6 10 
15 66 18 71 6 10 
15 14 18 14 6 10 
14 11 19 14 6 10 
15 14 19 11 6 10 
14 11 18 15 6 10 
190 39 55 42 19 39 
15 14 19 15 6 10 
31 39 19 47 6 10 
14 59 18 86 6 43 
14 11 19 15 6 10 
14 14 19 14 6 10 
67 14 38 30 6 78 
15 14 19 15 6 10 
14 11 19 15 6 10 
23 14 19 14 6 10 
14 14 19 14 6 10 
15 14 19 11 6 10 
47 14 19 11 6 10 
14 62 19 99 6 10 
22 14 18 15 6 7 
58 14 22 15 6 10 
14 11 18 15 6 10 
15 14 19 11 6 10 
14 11 18 15 6 10 
15 50 30 30 70 10 
15 38 18 14 6 10 
54 14 19 14 6 10 
3 3 10 3 10 15 
14 14 19 15 6 10 
15 14 19 15 6 10 
54 14 18 15 6 10 
14 11 19 15 6 10 
51 11 19 15 6 10 
18 14 19 14 6 10 
15 11 18 15 6 10 
15 14 19 14 6 11 
14 14 27 15 87 10 
14 14 19 14 6 10 
15 22 19 11 6 10 
14 11 18 15 6 10 
74 11 82 15 6 10 
42 11 19 15 6 10 
14 11 18 14 6 10 
210 19 34 22 6 14 
46 11 22 15 6 10 
14 11 18 14 6 7 
15 11 19 10 7 10 
14 11 18 15 6 10 
39 14 30 26 6 50 
14 14 19 11 6 10 
35 14 19 14 6 10 
14 11 18 15 6 10 
15 11 18 14 6 10 
15 14 19 15 6 10 
15 11 19 15 6 10 
14 14 19 14 6 10 
14 14 19 15 6 10 
14 14 19 15 6 10 
14 18 19 15 6 10 
15 14 18 14 6 10 
14 14 19 15 6 10 
14 11 18 14 6 10 
43 14 19 11 6 10 
14 14 19 15 6 10 
38 23 55 14 27 10 
31 14 19 14 6 10 
15 11 18 15 6 10 
971 1119 707 383 38 87 
79 19 30 14 6 10 
54 14 75 11 71 10 
15 11 18 15 6 10 
15 43 19 14 6 10 
34 14 66 14 10 10 
15 14 19 11 6 10 
35 39 38 15 6 10 
14 11 18 15 6 10 
15 14 19 14 6 10 
15 14 19 15 7 10 
18 27 19 15 7 10 
14 30 18 15 6 10
