18 50 19 6 7 43 
18 6 19 6 54 7 
18 6 19 7 51 7 
18 6 19 7 115 7 
18 6 19 6 26 10 
18 6 19 10 7 7 
18 6 19 7 6 10 
18 6 19 7 15 7 
18 7 19 7 7 10 
18 6 19 7 43 7 
18 11 19 7 75 7 
18 6 19 7 39 10 
18 6 19 7 102 14 
18 6 19 7 7 7 
18 6 19 7 87 7 
18 6 19 7 86 10 
18 6 19 7 46 10 
18 6 19 7 6 7 
18 6 19 6 10 7 
18 6 19 6 6 7 
18 6 19 7 115 7 
18 6 19 7 50 10 
18 623 22 599 782 175 
18 6 19 7 27 10 
18 7 19 163 14 10 
18 6 19 6 6 7 
18 6 19 6 7 7 
15 6 19 7 15 26 
18 6 19 7 6 26 
18 6 19 7 79 7 
18 6 19 6 7 7 
18 6 19 7 51 7 
18 6 19 7 7 10 
18 6 19 7 7 7 
18 6 19 7 59 7 
18 6 19 7 71 7 
18 11 19 7 7 10 
18 6 19 7 7 7 
18 6 19 6 7 7 
18 6 19 6 7 7 
18 6 19 7 6 42 
18 6 19 7 74 10 
18 6 19 7 135 10 
18 6 18 7 7 10 
18 6 19 7 6 7 
18 6 19 7 59 10 
18 6 19 7 7 7 
18 6 19 7 7 7 
18 6 19 7 66 7 
18 6 19 7 7 7 
18 6 19 18 7 10 
18 6 19 7 7 7 
18 46 19 6 7 7 
18 6 19 7 7 7 
18 6 18 7 19 10 
18 6 19 7 63 7 
18 6 19 7 7 7 
18 6 19 7 82 7 
18 6 19 7 111 7 
18 6 19 6 7 7 
18 6 19 6 14 6 
18 6 19 7 7 7 
18 6 19 6 7 7 
18 6 22 6 15 15 
18 6 19 7 63 14 
18 6 19 7 7 7 
18 6 19 7 75 7 
18 6 19 7 7 7 
18 6 19 7 7 7 
18 6 19 7 54 7 
18 6 19 6 86 10 
18 10 19 7 7 7 
18 6 19 7 402 10 
18 6 19 7 190 10 
18 6 19 7 7 7 
18 11 19 7 82 7 
18 6 19 7 79 7 
18 6 19 6 71 7 
18 58 19 35 55 14 
18 6 19 7 59 7 
18 31 19 6 79 7 
18 6 19 7 7 10 
18 6 19 7 55 7 
18 6 19 7 62 7 
18 6 19 6 35 71 
18 6 19 19 19 7 
18 6 19 7 78 7 
18 6 19 6 7 7 
18 6 19 7 35 7 
18 6 19 6 23 7 
18 6 19 19 7 58 
18 6 19 7 195 7 
18 6 18 6 7 7 
18 6 19 6 7 10 
18 155 19 10 7 7 
18 11 19 7 78 7 
18 6 19 7 34 7 
18 6 19 7 87 7 
18 6 18 7 7 10 
18 6 19 7 158 7
